1 1.00794 0.0708 1 99.9885 0.0115
2 4.002602 0.1221 3 0.000137 99.999863
3 6.941 0.534 6 7.59 92.41
4 9.012182 1.848 9 100.0
5 10.811 2.34 10 19.8 80.2
6 12.011 2.1 12 98.89 1.11
7 14.0067 0.808 14 99.634 0.366
8 15.9994 1.14 16 99.762 0.038 0.2
9 18.998403 1.111 19 100.0
10 20.1797 1.2015 20 90.48 0.27 9.25
11 22.98977 0.971 23 100.0
12 24.305 1.738 24 78.99 10.0 11.01
13 26.981539 2.6989 27 100.0
14 28.0855 2.33 28 92.23 4.683 3.087
15 30.973761 1.82 31 100.0
16 32.065 2.07 32 95.02 0.75 4.21 0.0 0.02
17 35.453 1.8956 35 75.77 0.0 24.23
18 39.948 1.6504 36 0.3365 0.0 0.0632 0.0 99.6003
19 39.0983 0.862 39 93.2581 0.0117 6.7302
20 40.078 1.55 40 96.94 0.0 0.647 0.135 2.09 0.0 0.004 0.0 0.187
21 44.95591 2.989 45 100.0
22 47.867 4.54 46 8.25 7.44 73.72 5.41 5.18
23 50.9415 6.11 50 0.250 99.750
24 51.9961 7.19 50 4.345 0.0 83.789 9.501 2.365
25 54.938049 7.44 55 100.0
26 55.845 7.874 54 5.845 0.0 91.754 2.119 0.282
27 58.9332 8.9 59 100.0
28 58.6934 8.902 58 68.077 0.0 26.223 1.14 3.634 0.0 0.926
29 63.546 8.96 63 69.17 0.0 30.83
30 65.39 7.133 64 48.63 0.0 27.9 4.1 18.75 0.0 0.62
31 69.723 5.904 69 60.108 0.0 39.892
32 72.64 5.323 70 20.37 0.0 27.31 7.76 36.73 0.0 7.83
33 74.9216 5.73 75 100.0
34 78.96 4.79 74 0.89 0.0 9.37 7.63 23.77 0.0 49.61 0.0 8.73
35 79.904 3.12 79 50.69 0.0 49.31
36 83.80 2.6021 78 0.35 0.0 2.28 0.0 11.58 11.49 57.0 0.0 17.3
37 85.4678 1.532 85 72.17 0.0 27.83
38 87.62 2.54 84 0.56 0.0 9.86 7.0 82.58
39 88.90585 4.469 89 100.0
40 91.224 6.506 90 51.45 11.22 17.15 0.0 17.38 0.0 2.8
41 92.90638 8.57 93 100.0
42 95.94 10.22 92 14.84 0.0 9.25 15.92 16.68 9.55 24.13 0.0 9.63
43 0.0 11.50
44 101.07 12.41 96 5.54 0.0 1.87 12.76 12.6 17.06 31.55 0.0 18.62
45 102.9055 12.41 103 100.0
46 106.42 12.02 102 1.02 0.0 11.14 22.33 27.33 0.0 26.46 0.0 11.72
47 107.8682 10.50 107 51.839 0.0 48.161
48 112.411 8.65 106 1.25 0.0 0.89 0.0 12.49 12.80 24.13 12.22 28.73 0.0 7.49
49 114.818 7.31 113 4.29 0.0 95.71
50 118.710 5.75 112 0.97 0.0 0.66 0.34 14.54 7.68 24.22 8.59 32.58 0.0 4.63 0.0 5.79
51 121.76 6.691 121 57.21 0.0 42.79
52 127.60 6.24 120 0.09 0.0 2.55 0.89 4.74 7.07 18.84 0.0 31.74 0.0 34.08
53 126.90447 4.93 127 100.0
54 131.293 3.0589 124 0.095 0.0 0.089 0.0 1.91 26.4 4.071 21.232 26.909 0.0 10.436 0.0 8.857
55 132.90545 1.873 133 100.0
56 137.327 3.5 130 0.106 0.0 0.101 0.0 2.417 6.592 7.854 11.232 71.698
57 138.9055 6.145 138 0.09 99.91
58 140.115 6.770 136 0.185 0.0 0.251 0.0 88.45 0.0 11.114
59 140.90765 6.773 141 100.0
60 144.24 7.008 142 27.2 12.2 23.8 8.3 17.2 0.0 5.7 0.0 5.6
61 0.0 7.264
62 150.36 7.520 144 3.07 0.0 0.0 14.99 11.24 13.82 7.38 0.0 26.75 0.0 22.75
63 151.965 5.244 151 47.81 0.0 52.19
64 157.25 7.901 152 0.2 0.0 2.18 14.8 20.47 15.65 24.84 0.0 21.86
65 158.92534 8.230 159 100.0
66 162.50 8.551 156 0.06 0.0 0.1 0.0 2.34 18.91 25.51 24.9 28.18
67 164.93032 8.795 165 100.0
68 167.259 9.066 162 0.139 0.0 1.601 0.0 33.503 22.869 26.978 0.0 14.91
69 168.93421 9.321 169 100.0
70 173.04 6.903 168 0.13 0.0 3.04 14.28 21.83 16.13 31.83 0.0 12.76
71 174.967 9.841 175 97.41 2.59
72 178.49 13.31 174 0.16 0.0 5.26 18.6 27.28 13.62 35.08
73 180.9479 16.654 180 0.012 99.988
74 183.84 19.3 180 0.12 0.0 26.5 14.31 30.64 0.0 28.43
75 186.207 21.02 185 37.4 0.0 62.6
76 190.23 22.57 184 0.02 0.0 1.59 1.6 13.29 16.21 26.36 0.0 40.93
77 192.217 22.42 191 37.3 0.0 62.7
78 195.08 21.45 190 0.014 0.0 0.782 0.0 32.967 33.832 25.242 0.0 7.163
79 196.96655 19.3 197 100.0
80 200.59 13.546 196 0.15 0.0 9.97 16.87 23.1 13.18 29.86 0.0 6.87
81 204.3833 11.85 203 29.524 0.0 70.476
82 207.2 11.35 204 1.4 0.0 24.1 22.1 52.4
83 208.98038 9.747 209 100.0
84 0.0 9.32
85 0.0 5.0
86 0.0 5.0
87 0.0 5.0
88 0.0 5.0
89 0.0 10.07
90 232.03805 11.72 232 100.0
91 0.0 15.37
92 238.02891 18.95 234 0.0054 0.7204 0.0 0.0 99.2742
