  1001.19c    0.999167 tendl19c/H001   0  1  1    10257  0  0 2.530E-08
  1002.19c    1.996800 tendl19c/H002   0  1  1    43757  0  0 2.530E-08
  1003.19c    2.989596 tendl19c/H003   0  1  1    17764  0  0 2.530E-08
  2003.19c    2.989032 tendl19c/He003  0  1  1    10004  0  0 2.530E-08
  2004.19c    3.968219 tendl19c/He004  0  1  1    18260  0  0 2.530E-08
  3006.19c    5.961817 tendl19c/Li006  0  1  1    62901  0  0 2.530E-08
  3007.19c    6.955732 tendl19c/Li007  0  1  1    28114  0  0 2.530E-08
  4007.19c    6.956650 tendl19c/Be007  0  1  1   125264  0  0 2.530E-08
  4009.19c    8.934780 tendl19c/Be009  0  1  1   202942  0  0 2.530E-08
  5010.19c    9.926921 tendl19c/B010   0  1  1    89657  0  0 2.530E-08
  5011.19c   10.914700 tendl19c/B011   0  1  1   184737  0  0 2.530E-08
  6012.19c   11.893650 tendl19c/C012   0  1  1   204023  0  0 2.530E-08
  6013.19c   12.891650 tendl19c/C013   0  1  1   207778  0  0 2.530E-08
  7014.19c   13.882780 tendl19c/N014   0  1  1   185820  0  0 2.530E-08
  7015.19c   14.871000 tendl19c/N015   0  1  1    43090  0  0 2.530E-08
  8016.19c   15.857510 tendl19c/O016   0  1  1   804997  0  0 2.530E-08
  8017.19c   16.853100 tendl19c/O017   0  1  1    10425  0  0 2.530E-08
  8018.19c   17.844500 tendl19c/O018   0  1  1    10828  0  0 2.530E-08
  9019.19c   18.835000 tendl19c/F019   0  1  1   178666  0  0 2.530E-08
 10020.19c   19.820700 tendl19c/Ne020  0  1  1   267641  0  0 2.530E-08
 10021.19c   20.813500 tendl19c/Ne021  0  1  1   310528  0  0 2.530E-08 ptable
 10022.19c   21.802470 tendl19c/Ne022  0  1  1   249069  0  0 2.530E-08 ptable
 11022.19c   21.805500 tendl19c/Na022  0  1  1   352139  0  0 2.530E-08 ptable
 11023.19c   22.792280 tendl19c/Na023  0  1  1   319638  0  0 2.530E-08
 12024.19c   23.779000 tendl19c/Mg024  0  1  1   265830  0  0 2.530E-08
 12025.19c   24.771200 tendl19c/Mg025  0  1  1   413535  0  0 2.530E-08
 12026.19c   25.759390 tendl19c/Mg026  0  1  1   262768  0  0 2.530E-08 ptable
 12027.19c   26.752530 tendl19c/Mg027  0  1  1   270775  0  0 2.530E-08 ptable
 13026.19c   25.763650 tendl19c/Al026  0  1  1   383206  0  0 2.530E-08 ptable
 13426.19c   25.763650 tendl19c/Al026m 0  1  1   378113  0  0 2.530E-08 ptable
 13027.19c   26.749760 tendl19c/Al027  0  1  1   331358  0  0 2.530E-08
 14028.19c   27.736590 tendl19c/Si028  0  1  1   289531  0  0 2.530E-08
 14029.19c   28.727570 tendl19c/Si029  0  1  1   292325  0  0 2.530E-08
 14030.19c   29.716280 tendl19c/Si030  0  1  1   287982  0  0 2.530E-08
 14031.19c   30.709270 tendl19c/Si031  0  1  1   282368  0  0 2.530E-08 ptable
 14032.19c   31.699480 tendl19c/Si032  0  1  1   236078  0  0 2.530E-08
 15031.19c   30.707680 tendl19c/P031   0  1  1   329323  0  0 2.530E-08
 15032.19c   31.699240 tendl19c/P032   0  1  1   369326  0  0 2.530E-08
 15033.19c   32.688480 tendl19c/P033   0  1  1   303317  0  0 2.530E-08 ptable
 16032.19c   31.697420 tendl19c/S032   0  1  1   386119  0  0 2.530E-08
 16033.19c   32.688220 tendl19c/S033   0  1  1   507038  0  0 2.530E-08
 16034.19c   33.676070 tendl19c/S034   0  1  1   331029  0  0 2.530E-08
 16035.19c   34.668630 tendl19c/S035   0  1  1   361978  0  0 2.530E-08 ptable
 16036.19c   35.658110 tendl19c/S036   0  1  1   264974  0  0 2.530E-08 ptable
 17035.19c   34.668460 tendl19c/Cl035  0  1  1   521155  0  0 2.530E-08
 17036.19c   35.659320 tendl19c/Cl036  0  1  1   452451  0  0 2.530E-08 ptable
 17037.19c   36.648350 tendl19c/Cl037  0  1  1   358441  0  0 2.530E-08
 18036.19c   35.658570 tendl19c/Ar036  0  1  1   353828  0  0 2.530E-08
 18037.19c   36.649220 tendl19c/Ar037  0  1  1   387542  0  0 2.530E-08 ptable
 18038.19c   37.636620 tendl19c/Ar038  0  1  1   320889  0  0 2.530E-08 ptable
 18039.19c   38.629590 tendl19c/Ar039  0  1  1   349331  0  0 2.530E-08
 18040.19c   39.619090 tendl19c/Ar040  0  1  1   443783  0  0 2.530E-08
 18041.19c   40.612600 tendl19c/Ar041  0  1  1   336946  0  0 2.530E-08 ptable
 19039.19c   38.628990 tendl19c/K039   0  1  1   483727  0  0 2.530E-08 ptable
 19040.19c   39.620690 tendl19c/K040   0  1  1   395178  0  0 2.530E-08 ptable
 19041.19c   40.609950 tendl19c/K041   0  1  1   382115  0  0 2.530E-08
 20040.19c   39.619290 tendl19c/Ca040  0  1  1   452159  0  0 2.530E-08
 20041.19c   40.610390 tendl19c/Ca041  0  1  1   424566  0  0 2.530E-08 ptable
 20042.19c   41.598180 tendl19c/Ca042  0  1  1   408067  0  0 2.530E-08
 20043.19c   42.589730 tendl19c/Ca043  0  1  1   621911  0  0 2.530E-08 ptable
 20044.19c   43.577880 tendl19c/Ca044  0  1  1   349639  0  0 2.530E-08
 20045.19c   44.569990 tendl19c/Ca045  0  1  1   325423  0  0 2.530E-08 ptable
 20046.19c   45.558930 tendl19c/Ca046  0  1  1   268236  0  0 2.530E-08
 20047.19c   46.551180 tendl19c/Ca047  0  1  1   274848  0  0 2.530E-08 ptable
 20048.19c   47.540590 tendl19c/Ca048  0  1  1   224823  0  0 2.530E-08 ptable
 21044.19c   43.581770 tendl19c/Sc044  0  1  1   414503  0  0 2.530E-08 ptable
 21045.19c   44.569720 tendl19c/Sc045  0  1  1   569113  0  0 2.530E-08
 21046.19c   45.560390 tendl19c/Sc046  0  1  1   399086  0  0 2.530E-08 ptable
 21047.19c   46.549060 tendl19c/Sc047  0  1  1   331521  0  0 2.530E-08 ptable
 21048.19c   47.540290 tendl19c/Sc048  0  1  1   323192  0  0 2.530E-08 ptable
 22044.19c   43.582060 tendl19c/Ti044  0  1  1   337274  0  0 2.530E-08 ptable
 22046.19c   45.557870 tendl19c/Ti046  0  1  1   412460  0  0 2.530E-08
 22047.19c   46.548420 tendl19c/Ti047  0  1  1   413123  0  0 2.530E-08
 22048.19c   47.536050 tendl19c/Ti048  0  1  1   374283  0  0 2.530E-08
 22049.19c   48.527380 tendl19c/Ti049  0  1  1   356078  0  0 2.530E-08
 22050.19c   49.515740 tendl19c/Ti050  0  1  1   321921  0  0 2.530E-08 ptable
 23048.19c   47.540320 tendl19c/V048   0  1  1   432887  0  0 2.530E-08 ptable
 23049.19c   48.528020 tendl19c/V049   0  1  1   380062  0  0 2.530E-08 ptable
 23050.19c   49.518090 tendl19c/V050   0  1  1   357489  0  0 2.530E-08
 23051.19c   50.506320 tendl19c/V051   0  1  1   439231  0  0 2.530E-08
 24050.19c   49.516980 tendl19c/Cr050  0  1  1   458018  0  0 2.530E-08
 24051.19c   50.507130 tendl19c/Cr051  0  1  1   388144  0  0 2.530E-08 ptable
 24052.19c   51.494310 tendl19c/Cr052  0  1  1   490655  0  0 2.530E-08
 24053.19c   52.485860 tendl19c/Cr053  0  1  1   446559  0  0 2.530E-08
 24054.19c   53.475520 tendl19c/Cr054  0  1  1   436389  0  0 2.530E-08
 25052.19c   51.499330 tendl19c/Mn052  0  1  1   370237  0  0 2.530E-08 ptable
 25053.19c   52.486500 tendl19c/Mn053  0  1  1   354099  0  0 2.530E-08 ptable
 25054.19c   53.476990 tendl19c/Mn054  0  1  1   367033  0  0 2.530E-08 ptable
 25055.19c   54.466100 tendl19c/Mn055  0  1  1   436696  0  0 2.530E-08
 26054.19c   53.476250 tendl19c/Fe054  0  1  1   601938  0  0 2.530E-08
 26055.19c   54.466350 tendl19c/Fe055  0  1  1   408739  0  0 2.530E-08 ptable
 26056.19c   55.454430 tendl19c/Fe056  0  1  1   610234  0  0 2.530E-08
 26057.19c   56.446290 tendl19c/Fe057  0  1  1   514388  0  0 2.530E-08
 26058.19c   57.435600 tendl19c/Fe058  0  1  1   385253  0  0 2.530E-08
 26059.19c   58.428600 tendl19c/Fe059  0  1  1   364459  0  0 2.530E-08 ptable
 26060.19c   59.419210 tendl19c/Fe060  0  1  1   309437  0  0 2.530E-08 ptable
 27056.19c   55.459290 tendl19c/Co056  0  1  1   417188  0  0 2.530E-08 ptable
 27057.19c   56.447180 tendl19c/Co057  0  1  1   411117  0  0 2.530E-08 ptable
 27058.19c   57.438060 tendl19c/Co058  0  1  1   387289  0  0 2.530E-08 ptable
 27458.19c   57.438060 tendl19c/Co058m 0  1  1   355517  0  0 2.530E-08
 27059.19c   58.426930 tendl19c/Co059  0  1  1   563215  0  0 2.530E-08
 27060.19c   59.418960 tendl19c/Co060  0  1  1   381701  0  0 2.530E-08
 27462.19c   61.402020 tendl19c/Co062m 0  1  1   308337  0  0 2.530E-08 ptable
 28056.19c   55.461560 tendl19c/Ni056  0  1  1   325631  0  0 2.530E-08 ptable
 28057.19c   56.450650 tendl19c/Ni057  0  1  1   352406  0  0 2.530E-08 ptable
 28058.19c   57.437650 tendl19c/Ni058  0  1  1  1074477  0  0 2.530E-08
 28059.19c   58.428070 tendl19c/Ni059  0  1  1   404968  0  0 2.530E-08 ptable
 28060.19c   59.415950 tendl19c/Ni060  0  1  1   578836  0  0 2.530E-08
 28061.19c   60.407630 tendl19c/Ni061  0  1  1   522770  0  0 2.530E-08
 28062.19c   61.396350 tendl19c/Ni062  0  1  1   413916  0  0 2.530E-08
 28063.19c   62.389080 tendl19c/Ni063  0  1  1   406250  0  0 2.530E-08 ptable
 28064.19c   63.378800 tendl19c/Ni064  0  1  1   377184  0  0 2.530E-08
 28066.19c   65.362780 tendl19c/Ni066  0  1  1   290929  0  0 2.530E-08 ptable
 29063.19c   62.389010 tendl19c/Cu063  0  1  1   697640  0  0 2.530E-08
 29064.19c   63.380580 tendl19c/Cu064  0  1  1   418304  0  0 2.530E-08 ptable
 29065.19c   64.370030 tendl19c/Cu065  0  1  1   476832  0  0 2.530E-08
 29066.19c   65.362510 tendl19c/Cu066  0  1  1   366675  0  0 2.530E-08 ptable
 29067.19c   66.352790 tendl19c/Cu067  0  1  1   402832  0  0 2.530E-08 ptable
 30064.19c   63.379960 tendl19c/Zn064  0  1  1   613297  0  0 2.530E-08 ptable
 30065.19c   64.371470 tendl19c/Zn065  0  1  1   525910  0  0 2.530E-08
 30066.19c   65.359700 tendl19c/Zn066  0  1  1   598699  0  0 2.530E-08
 30067.19c   66.352200 tendl19c/Zn067  0  1  1   708931  0  0 2.530E-08
 30068.19c   67.341340 tendl19c/Zn068  0  1  1   515810  0  0 2.530E-08
 30069.19c   68.334440 tendl19c/Zn069  0  1  1   439833  0  0 2.530E-08 ptable
 30070.19c   69.324630 tendl19c/Zn070  0  1  1   465875  0  0 2.530E-08
 31067.19c   66.353260 tendl19c/Ga067  0  1  1   416039  0  0 2.530E-08 ptable
 31069.19c   68.333470 tendl19c/Ga069  0  1  1   468687  0  0 2.530E-08 ptable
 31070.19c   69.325330 tendl19c/Ga070  0  1  1   410129  0  0 2.530E-08 ptable
 31071.19c   70.315430 tendl19c/Ga071  0  1  1   442943  0  0 2.530E-08 ptable
 32070.19c   69.323570 tendl19c/Ge070  0  1  1   434984  0  0 2.530E-08
 32071.19c   70.315670 tendl19c/Ge071  0  1  1   404870  0  0 2.530E-08 ptable
 32072.19c   71.304240 tendl19c/Ge072  0  1  1   539155  0  0 2.530E-08 ptable
 32073.19c   72.297010 tendl19c/Ge073  0  1  1   514939  0  0 2.530E-08 ptable
 32074.19c   73.286160 tendl19c/Ge074  0  1  1   509681  0  0 2.530E-08 ptable
 32075.19c   74.279240 tendl19c/Ge075  0  1  1   427943  0  0 2.530E-08 ptable
 32076.19c   75.269200 tendl19c/Ge076  0  1  1   396303  0  0 2.530E-08 ptable
 33071.19c   70.317820 tendl19c/As071  0  1  1   498195  0  0 2.530E-08 ptable
 33072.19c   71.308870 tendl19c/As072  0  1  1   520203  0  0 2.530E-08 ptable
 33073.19c   72.297390 tendl19c/As073  0  1  1   491202  0  0 2.530E-08 ptable
 33074.19c   73.288890 tendl19c/As074  0  1  1   467895  0  0 2.530E-08 ptable
 33075.19c   74.277980 tendl19c/As075  0  1  1   591477  0  0 2.530E-08
 33076.19c   75.270190 tendl19c/As076  0  1  1   461555  0  0 2.530E-08 ptable
 33077.19c   76.259860 tendl19c/As077  0  1  1   449339  0  0 2.530E-08 ptable
 34074.19c   73.287450 tendl19c/Se074  0  1  1   569588  0  0 2.530E-08 ptable
 34075.19c   74.278910 tendl19c/Se075  0  1  1   451747  0  0 2.530E-08 ptable
 34076.19c   75.267040 tendl19c/Se076  0  1  1   434037  0  0 2.530E-08
 34077.19c   76.259140 tendl19c/Se077  0  1  1   561477  0  0 2.530E-08 ptable
 34078.19c   77.247970 tendl19c/Se078  0  1  1   419779  0  0 2.530E-08
 34079.19c   78.240550 tendl19c/Se079  0  1  1   394522  0  0 2.530E-08 ptable
 34080.19c   79.230000 tendl19c/Se080  0  1  1   367546  0  0 2.530E-08
 34081.19c   80.222880 tendl19c/Se081  0  1  1   371962  0  0 2.530E-08 ptable
 34082.19c   81.213000 tendl19c/Se082  0  1  1   331175  0  0 2.530E-08 ptable
 35077.19c   76.260590 tendl19c/Br077  0  1  1   506887  0  0 2.530E-08 ptable
 35079.19c   78.240390 tendl19c/Br079  0  1  1   784784  0  0 2.530E-08
 35080.19c   79.231990 tendl19c/Br080  0  1  1   427742  0  0 2.530E-08 ptable
 35081.19c   80.221180 tendl19c/Br081  0  1  1   574692  0  0 2.530E-08
 35082.19c   81.213100 tendl19c/Br082  0  1  1   388264  0  0 2.530E-08 ptable
 36078.19c   77.251000 tendl19c/Kr078  0  1  1   623935  0  0 2.530E-08 ptable
 36079.19c   78.242130 tendl19c/Kr079  0  1  1   531971  0  0 2.530E-08 ptable
 36080.19c   79.229870 tendl19c/Kr080  0  1  1   356464  0  0 2.530E-08 ptable
 36081.19c   80.221480 tendl19c/Kr081  0  1  1   399115  0  0 2.530E-08 ptable
 36082.19c   81.209810 tendl19c/Kr082  0  1  1   409493  0  0 2.530E-08 ptable
 36083.19c   82.201860 tendl19c/Kr083  0  1  1   526295  0  0 2.530E-08 ptable
 36084.19c   83.190670 tendl19c/Kr084  0  1  1   799290  0  0 2.530E-08 ptable
 36085.19c   84.183090 tendl19c/Kr085  0  1  1   384604  0  0 2.530E-08
 36086.19c   85.172600 tendl19c/Kr086  0  1  1   419248  0  0 2.530E-08
 37085.19c   84.182370 tendl19c/Rb085  0  1  1   621927  0  0 2.530E-08
 37086.19c   85.173160 tendl19c/Rb086  0  1  1   438649  0  0 2.530E-08 ptable
 37087.19c   86.162600 tendl19c/Rb087  0  1  1   456931  0  0 2.530E-08 ptable
 37088.19c   87.156120 tendl19c/Rb088  0  1  1   380262  0  0 2.530E-08 ptable
 38083.19c   82.205260 tendl19c/Sr083  0  1  1   500462  0  0 2.530E-08 ptable
 38084.19c   83.192570 tendl19c/Sr084  0  1  1   480312  0  0 2.530E-08 ptable
 38085.19c   84.183490 tendl19c/Sr085  0  1  1   429559  0  0 2.530E-08 ptable
 38086.19c   85.171260 tendl19c/Sr086  0  1  1   417002  0  0 2.530E-08
 38087.19c   86.162290 tendl19c/Sr087  0  1  1   594577  0  0 2.530E-08
 38088.19c   87.150470 tendl19c/Sr088  0  1  1   413157  0  0 2.530E-08
 38089.19c   88.143700 tendl19c/Sr089  0  1  1   438316  0  0 2.530E-08 ptable
 38090.19c   89.135380 tendl19c/Sr090  0  1  1   371234  0  0 2.530E-08
 39087.19c   86.164280 tendl19c/Y087   0  1  1   374892  0  0 2.530E-08 ptable
 39088.19c   87.154320 tendl19c/Y088   0  1  1   389354  0  0 2.530E-08 ptable
 39089.19c   88.142110 tendl19c/Y089   0  1  1   518221  0  0 2.530E-08
 39090.19c   89.134800 tendl19c/Y090   0  1  1   480174  0  0 2.530E-08 ptable
 39091.19c   90.126370 tendl19c/Y091   0  1  1   417713  0  0 2.530E-08 ptable
 40088.19c   87.155040 tendl19c/Zr088  0  1  1   464640  0  0 2.530E-08
 40089.19c   88.145120 tendl19c/Zr089  0  1  1   460239  0  0 2.530E-08 ptable
 40090.19c   89.132380 tendl19c/Zr090  0  1  1   461757  0  0 2.530E-08
 40091.19c   90.124730 tendl19c/Zr091  0  1  1   554216  0  0 2.530E-08
 40092.19c   91.115530 tendl19c/Zr092  0  1  1   557255  0  0 2.530E-08
 40093.19c   92.108370 tendl19c/Zr093  0  1  1   545946  0  0 2.530E-08
 40094.19c   93.099620 tendl19c/Zr094  0  1  1   474551  0  0 2.530E-08
 40095.19c   94.092740 tendl19c/Zr095  0  1  1   474033  0  0 2.530E-08
 40096.19c   95.084390 tendl19c/Zr096  0  1  1   405317  0  0 2.530E-08
 41091.19c   90.126060 tendl19c/Nb091  0  1  1   523101  0  0 2.530E-08 ptable
 41092.19c   91.117670 tendl19c/Nb092  0  1  1   499948  0  0 2.530E-08 ptable
 41093.19c   92.108270 tendl19c/Nb093  0  1  1   858486  0  0 2.530E-08
 41094.19c   93.100580 tendl19c/Nb094  0  1  1   542867  0  0 2.530E-08 ptable
 41494.19c   93.100580 tendl19c/Nb094m 0  1  1   420987  0  0 2.530E-08 ptable
 41095.19c   94.091550 tendl19c/Nb095  0  1  1   527390  0  0 2.530E-08 ptable
 42092.19c   91.117290 tendl19c/Mo092  0  1  1   499639  0  0 2.530E-08
 42093.19c   92.108700 tendl19c/Mo093  0  1  1   520791  0  0 2.530E-08 ptable
 42094.19c   93.098400 tendl19c/Mo094  0  1  1   513906  0  0 2.530E-08
 42095.19c   94.090550 tendl19c/Mo095  0  1  1   606406  0  0 2.530E-08 ptable
 42096.19c   95.080810 tendl19c/Mo096  0  1  1   537503  0  0 2.530E-08
 42097.19c   96.073550 tendl19c/Mo097  0  1  1   575093  0  0 2.530E-08
 42098.19c   97.064350 tendl19c/Mo098  0  1  1   716003  0  0 2.530E-08
 42099.19c   98.058050 tendl19c/Mo099  0  1  1   404305  0  0 2.530E-08 ptable
 42100.19c   99.049220 tendl19c/Mo100  0  1  1   576076  0  0 2.530E-08
 43096.19c   95.083980 tendl19c/Tc096  0  1  1   554147  0  0 2.530E-08 ptable
 43097.19c   96.073890 tendl19c/Tc097  0  1  1   516221  0  0 2.530E-08 ptable
 43098.19c   97.066150 tendl19c/Tc098  0  1  1   496035  0  0 2.530E-08 ptable
 43099.19c   98.056600 tendl19c/Tc099  0  1  1   744994  0  0 2.530E-08
 44096.19c   95.083700 tendl19c/Ru096  0  1  1   593999  0  0 2.530E-08 ptable
 44097.19c   96.075070 tendl19c/Ru097  0  1  1   462005  0  0 2.530E-08 ptable
 44098.19c   97.064240 tendl19c/Ru098  0  1  1   453341  0  0 2.530E-08 ptable
 44099.19c   98.056290 tendl19c/Ru099  0  1  1   649082  0  0 2.530E-08 ptable
 44100.19c   99.045990 tendl19c/Ru100  0  1  1   676529  0  0 2.530E-08 ptable
 44101.19c  100.038700 tendl19c/Ru101  0  1  1   517521  0  0 2.530E-08
 44102.19c  101.028900 tendl19c/Ru102  0  1  1   572607  0  0 2.530E-08
 44103.19c  102.022300 tendl19c/Ru103  0  1  1   451084  0  0 2.530E-08 ptable
 44104.19c  103.012800 tendl19c/Ru104  0  1  1   532225  0  0 2.530E-08
 44105.19c  104.006500 tendl19c/Ru105  0  1  1   512090  0  0 2.530E-08 ptable
 44106.19c  104.997500 tendl19c/Ru106  0  1  1   418163  0  0 2.530E-08 ptable
 45099.19c   98.058460 tendl19c/Rh099  0  1  1   519395  0  0 2.530E-08 ptable
 45101.19c  100.039300 tendl19c/Rh101  0  1  1   567799  0  0 2.530E-08 ptable
 45102.19c  101.031400 tendl19c/Rh102  0  1  1   559863  0  0 2.530E-08 ptable
 45103.19c  102.021500 tendl19c/Rh103  0  1  1   809469  0  0 2.530E-08
 45104.19c  103.014000 tendl19c/Rh104  0  1  1   580299  0  0 2.530E-08 ptable
 45105.19c  104.004500 tendl19c/Rh105  0  1  1   464006  0  0 2.530E-08 ptable
 46102.19c  101.030200 tendl19c/Pd102  0  1  1   555599  0  0 2.530E-08 ptable
 46103.19c  102.022100 tendl19c/Pd103  0  1  1   534268  0  0 2.530E-08 ptable
 46104.19c  103.011500 tendl19c/Pd104  0  1  1   673463  0  0 2.530E-08 ptable
 46105.19c  104.003900 tendl19c/Pd105  0  1  1   814771  0  0 2.530E-08
 46106.19c  104.993700 tendl19c/Pd106  0  1  1   530651  0  0 2.530E-08
 46107.19c  105.986800 tendl19c/Pd107  0  1  1   744930  0  0 2.530E-08
 46108.19c  106.977000 tendl19c/Pd108  0  1  1   504893  0  0 2.530E-08
 46109.19c  107.970400 tendl19c/Pd109  0  1  1   503418  0  0 2.530E-08 ptable
 46110.19c  108.961000 tendl19c/Pd110  0  1  1   502154  0  0 2.530E-08
 47506.19c  104.996900 tendl19c/Ag106m 0  1  1   438838  0  0 2.530E-08 ptable
 47107.19c  105.986700 tendl19c/Ag107  0  1  1  1179575  0  0 2.530E-08
 47108.19c  106.979000 tendl19c/Ag108  0  1  1   555426  0  0 2.530E-08 ptable
 47109.19c  107.969200 tendl19c/Ag109  0  1  1  1046324  0  0 2.530E-08
 47110.19c  108.962000 tendl19c/Ag110  0  1  1   579933  0  0 2.530E-08 ptable
 47510.19c  108.962000 tendl19c/Ag110m 0  1  1   411914  0  0 2.530E-08 ptable
 47111.19c  109.952600 tendl19c/Ag111  0  1  1   406333  0  0 2.530E-08 ptable
 47112.19c  110.945700 tendl19c/Ag112  0  1  1   496037  0  0 2.530E-08 ptable
 47113.19c  111.936700 tendl19c/Ag113  0  1  1   531403  0  0 2.530E-08 ptable
 47114.19c  112.930300 tendl19c/Ag114  0  1  1   431962  0  0 2.530E-08 ptable
 47115.19c  113.921700 tendl19c/Ag115  0  1  1   443921  0  0 2.530E-08 ptable
 47116.19c  114.915700 tendl19c/Ag116  0  1  1   435557  0  0 2.530E-08 ptable
 47117.19c  115.907500 tendl19c/Ag117  0  1  1   419756  0  0 2.530E-08 ptable
 47518.19c  116.901700 tendl19c/Ag118m 0  1  1   333962  0  0 2.530E-08 ptable
 48106.19c  104.996700 tendl19c/Cd106  0  1  1   691438  0  0 2.530E-08 ptable
 48107.19c  105.988200 tendl19c/Cd107  0  1  1   555960  0  0 2.530E-08 ptable
 48108.19c  106.977200 tendl19c/Cd108  0  1  1   576742  0  0 2.530E-08 ptable
 48109.19c  107.969400 tendl19c/Cd109  0  1  1   550008  0  0 2.530E-08 ptable
 48110.19c  108.958900 tendl19c/Cd110  0  1  1   639439  0  0 2.530E-08
 48111.19c  109.951500 tendl19c/Cd111  0  1  1   636098  0  0 2.530E-08
 48112.19c  110.941500 tendl19c/Cd112  0  1  1   584332  0  0 2.530E-08
 48113.19c  111.934500 tendl19c/Cd113  0  1  1  1004577  0  0 2.530E-08
 48114.19c  112.924900 tendl19c/Cd114  0  1  1   535037  0  0 2.530E-08
 48515.19c  113.918400 tendl19c/Cd115m 0  1  1   363585  0  0 2.530E-08 ptable
 48116.19c  114.909100 tendl19c/Cd116  0  1  1   450165  0  0 2.530E-08
 49113.19c  111.934200 tendl19c/In113  0  1  1   556311  0  0 2.530E-08
 49114.19c  112.926400 tendl19c/In114  0  1  1   477648  0  0 2.530E-08 ptable
 49115.19c  113.916800 tendl19c/In115  0  1  1   663673  0  0 2.530E-08
 50112.19c  110.943500 tendl19c/Sn112  0  1  1   602082  0  0 2.530E-08 ptable
 50113.19c  111.935300 tendl19c/Sn113  0  1  1   573767  0  0 2.530E-08 ptable
 50114.19c  112.924300 tendl19c/Sn114  0  1  1   544298  0  0 2.530E-08 ptable
 50115.19c  113.916300 tendl19c/Sn115  0  1  1   489316  0  0 2.530E-08 ptable
 50116.19c  114.906100 tendl19c/Sn116  0  1  1   623172  0  0 2.530E-08
 50117.19c  115.898700 tendl19c/Sn117  0  1  1   515282  0  0 2.530E-08
 50118.19c  116.888800 tendl19c/Sn118  0  1  1   416929  0  0 2.530E-08
 50119.19c  117.881900 tendl19c/Sn119  0  1  1   405836  0  0 2.530E-08 ptable
 50120.19c  118.872200 tendl19c/Sn120  0  1  1   650795  0  0 2.530E-08
 50121.19c  119.865600 tendl19c/Sn121  0  1  1   355665  0  0 2.530E-08 ptable
 50521.19c  119.865600 tendl19c/Sn121m 0  1  1   299084  0  0 2.530E-08 ptable
 50122.19c  120.856200 tendl19c/Sn122  0  1  1   671617  0  0 2.530E-08
 50123.19c  121.849900 tendl19c/Sn123  0  1  1   356408  0  0 2.530E-08 ptable
 50124.19c  122.840900 tendl19c/Sn124  0  1  1   474922  0  0 2.530E-08
 50125.19c  123.834800 tendl19c/Sn125  0  1  1   337447  0  0 2.530E-08 ptable
 50126.19c  124.826100 tendl19c/Sn126  0  1  1   352633  0  0 2.530E-08 ptable
 51121.19c  119.865200 tendl19c/Sb121  0  1  1   644089  0  0 2.530E-08
 51122.19c  120.858000 tendl19c/Sb122  0  1  1   541270  0  0 2.530E-08 ptable
 51123.19c  121.848400 tendl19c/Sb123  0  1  1   655169  0  0 2.530E-08
 51124.19c  122.841500 tendl19c/Sb124  0  1  1   476953  0  0 2.530E-08 ptable
 51125.19c  123.832300 tendl19c/Sb125  0  1  1   446861  0  0 2.530E-08 ptable
 51126.19c  124.825700 tendl19c/Sb126  0  1  1   422791  0  0 2.530E-08 ptable
 51127.19c  125.816700 tendl19c/Sb127  0  1  1   440868  0  0 2.530E-08 ptable
 52120.19c  118.874000 tendl19c/Te120  0  1  1   592324  0  0 2.530E-08 ptable
 52121.19c  119.866300 tendl19c/Te121  0  1  1   478265  0  0 2.530E-08 ptable
 52521.19c  119.866300 tendl19c/Te121m 0  1  1   405569  0  0 2.530E-08 ptable
 52122.19c  120.855800 tendl19c/Te122  0  1  1   869624  0  0 2.530E-08
 52123.19c  121.848500 tendl19c/Te123  0  1  1   937752  0  0 2.530E-08
 52124.19c  122.838400 tendl19c/Te124  0  1  1   783327  0  0 2.530E-08
 52125.19c  123.831500 tendl19c/Te125  0  1  1   779973  0  0 2.530E-08
 52126.19c  124.821700 tendl19c/Te126  0  1  1   537375  0  0 2.530E-08
 52527.19c  125.815100 tendl19c/Te127m 0  1  1   321214  0  0 2.530E-08
 52128.19c  126.805700 tendl19c/Te128  0  1  1   426690  0  0 2.530E-08
 52529.19c  127.799200 tendl19c/Te129m 0  1  1   303534  0  0 2.530E-08 ptable
 52130.19c  128.790300 tendl19c/Te130  0  1  1   466979  0  0 2.530E-08 ptable
 52131.19c  129.784000 tendl19c/Te131  0  1  1   419451  0  0 2.530E-08 ptable
 52531.19c  129.784000 tendl19c/Te131m 0  1  1   317850  0  0 2.530E-08 ptable
 52132.19c  130.775400 tendl19c/Te132  0  1  1   359340  0  0 2.530E-08 ptable
 53126.19c  124.824000 tendl19c/I126   0  1  1   576032  0  0 2.530E-08 ptable
 53127.19c  125.814300 tendl19c/I127   0  1  1   972137  0  0 2.530E-08
 53128.19c  126.807000 tendl19c/I128   0  1  1   522148  0  0 2.530E-08 ptable
 53129.19c  127.797600 tendl19c/I129   0  1  1   624929  0  0 2.530E-08
 53130.19c  128.790700 tendl19c/I130   0  1  1   521684  0  0 2.530E-08 ptable
 53131.19c  129.781600 tendl19c/I131   0  1  1   528381  0  0 2.530E-08 ptable
 53132.19c  130.774900 tendl19c/I132   0  1  1   403007  0  0 2.530E-08 ptable
 53532.19c  130.774900 tendl19c/I132m  0  1  1   316688  0  0 2.530E-08 ptable
 53133.19c  131.766100 tendl19c/I133   0  1  1   453556  0  0 2.530E-08 ptable
 53134.19c  132.759400 tendl19c/I134   0  1  1   370090  0  0 2.530E-08 ptable
 53135.19c  133.751100 tendl19c/I135   0  1  1   363772  0  0 2.530E-08 ptable
 54123.19c  121.852600 tendl19c/Xe123  0  1  1   551229  0  0 2.530E-08 ptable
 54124.19c  122.841500 tendl19c/Xe124  0  1  1   632392  0  0 2.530E-08 ptable
 54125.19c  123.833400 tendl19c/Xe125  0  1  1   538497  0  0 2.530E-08 ptable
 54126.19c  124.822700 tendl19c/Xe126  0  1  1   709202  0  0 2.530E-08 ptable
 54127.19c  125.815000 tendl19c/Xe127  0  1  1   490675  0  0 2.530E-08 ptable
 54128.19c  126.804800 tendl19c/Xe128  0  1  1   611448  0  0 2.530E-08 ptable
 54129.19c  127.797400 tendl19c/Xe129  0  1  1   668817  0  0 2.530E-08
 54130.19c  128.787600 tendl19c/Xe130  0  1  1   462444  0  0 2.530E-08
 54131.19c  129.780500 tendl19c/Xe131  0  1  1   570059  0  0 2.530E-08
 54132.19c  130.771000 tendl19c/Xe132  0  1  1   460420  0  0 2.530E-08 ptable
 54133.19c  131.764200 tendl19c/Xe133  0  1  1   490729  0  0 2.530E-08 ptable
 54134.19c  132.755100 tendl19c/Xe134  0  1  1   408241  0  0 2.530E-08 ptable
 54135.19c  133.748300 tendl19c/Xe135  0  1  1   478386  0  0 2.530E-08 ptable
 54535.19c  133.748300 tendl19c/Xe135m 0  1  1   297354  0  0 2.530E-08
 54136.19c  134.739700 tendl19c/Xe136  0  1  1   410328  0  0 2.530E-08
 55133.19c  131.763700 tendl19c/Cs133  0  1  1   957924  0  0 2.530E-08
 55134.19c  132.756400 tendl19c/Cs134  0  1  1   475712  0  0 2.530E-08 ptable
 55135.19c  133.747100 tendl19c/Cs135  0  1  1   501826  0  0 2.530E-08 ptable
 55136.19c  134.739800 tendl19c/Cs136  0  1  1   402832  0  0 2.530E-08 ptable
 55137.19c  135.731000 tendl19c/Cs137  0  1  1   445985  0  0 2.530E-08 ptable
 56130.19c  128.790400 tendl19c/Ba130  0  1  1   589419  0  0 2.530E-08
 56131.19c  129.782400 tendl19c/Ba131  0  1  1   554029  0  0 2.530E-08 ptable
 56132.19c  130.771900 tendl19c/Ba132  0  1  1   557156  0  0 2.530E-08 ptable
 56133.19c  131.764300 tendl19c/Ba133  0  1  1   495704  0  0 2.530E-08 ptable
 56134.19c  132.754200 tendl19c/Ba134  0  1  1   615552  0  0 2.530E-08
 56135.19c  133.746800 tendl19c/Ba135  0  1  1   764528  0  0 2.530E-08
 56136.19c  134.737100 tendl19c/Ba136  0  1  1   615837  0  0 2.530E-08
 56137.19c  135.729800 tendl19c/Ba137  0  1  1   607758  0  0 2.530E-08
 56138.19c  136.720600 tendl19c/Ba138  0  1  1   469628  0  0 2.530E-08
 56139.19c  137.715600 tendl19c/Ba139  0  1  1   509233  0  0 2.530E-08 ptable
 56140.19c  138.708700 tendl19c/Ba140  0  1  1   546155  0  0 2.530E-08 ptable
 57137.19c  135.730400 tendl19c/La137  0  1  1   611153  0  0 2.530E-08 ptable
 57138.19c  136.722400 tendl19c/La138  0  1  1   496100  0  0 2.530E-08 ptable
 57139.19c  137.713100 tendl19c/La139  0  1  1   759314  0  0 2.530E-08
 57140.19c  138.707600 tendl19c/La140  0  1  1   521337  0  0 2.530E-08 ptable
 58136.19c  134.739600 tendl19c/Ce136  0  1  1   560450  0  0 2.530E-08 ptable
 58137.19c  135.731700 tendl19c/Ce137  0  1  1   558623  0  0 2.530E-08 ptable
 58537.19c  135.731700 tendl19c/Ce137m 0  1  1   420708  0  0 2.530E-08 ptable
 58138.19c  136.721300 tendl19c/Ce138  0  1  1   469242  0  0 2.530E-08 ptable
 58139.19c  137.713400 tendl19c/Ce139  0  1  1   545962  0  0 2.530E-08 ptable
 58140.19c  138.703600 tendl19c/Ce140  0  1  1   664094  0  0 2.530E-08
 58141.19c  139.697800 tendl19c/Ce141  0  1  1   540370  0  0 2.530E-08 ptable
 58142.19c  140.690200 tendl19c/Ce142  0  1  1   547761  0  0 2.530E-08
 58143.19c  141.684700 tendl19c/Ce143  0  1  1   578698  0  0 2.530E-08 ptable
 58144.19c  142.677400 tendl19c/Ce144  0  1  1   538713  0  0 2.530E-08 ptable
 59141.19c  139.697200 tendl19c/Pr141  0  1  1   752859  0  0 2.530E-08
 59142.19c  140.691000 tendl19c/Pr142  0  1  1   622927  0  0 2.530E-08 ptable
 59143.19c  141.683200 tendl19c/Pr143  0  1  1   613375  0  0 2.530E-08 ptable
 60142.19c  140.688700 tendl19c/Nd142  0  1  1   524514  0  0 2.530E-08
 60143.19c  141.682200 tendl19c/Nd143  0  1  1   739294  0  0 2.530E-08
 60144.19c  142.673800 tendl19c/Nd144  0  1  1   630284  0  0 2.530E-08
 60145.19c  143.667700 tendl19c/Nd145  0  1  1   961235  0  0 2.530E-08
 60146.19c  144.659700 tendl19c/Nd146  0  1  1   597522  0  0 2.530E-08
 60147.19c  145.654000 tendl19c/Nd147  0  1  1   616113  0  0 2.530E-08 ptable
 60148.19c  146.646200 tendl19c/Nd148  0  1  1   722910  0  0 2.530E-08
 60149.19c  147.640900 tendl19c/Nd149  0  1  1   617441  0  0 2.530E-08 ptable
 60150.19c  148.633000 tendl19c/Nd150  0  1  1   586714  0  0 2.530E-08
 61143.19c  141.683300 tendl19c/Pm143  0  1  1   649492  0  0 2.530E-08 ptable
 61144.19c  142.676300 tendl19c/Pm144  0  1  1   569731  0  0 2.530E-08 ptable
 61145.19c  143.667900 tendl19c/Pm145  0  1  1   655990  0  0 2.530E-08 ptable
 61146.19c  144.661200 tendl19c/Pm146  0  1  1   658778  0  0 2.530E-08 ptable
 61147.19c  145.653100 tendl19c/Pm147  0  1  1   646334  0  0 2.530E-08
 61148.19c  146.646800 tendl19c/Pm148  0  1  1   585380  0  0 2.530E-08 ptable
 61548.19c  146.646800 tendl19c/Pm148m 0  1  1   464966  0  0 2.530E-08 ptable
 61149.19c  147.639100 tendl19c/Pm149  0  1  1   628920  0  0 2.530E-08 ptable
 61150.19c  148.633100 tendl19c/Pm150  0  1  1   620404  0  0 2.530E-08 ptable
 61151.19c  149.624700 tendl19c/Pm151  0  1  1   499594  0  0 2.530E-08 ptable
 62144.19c  142.675700 tendl19c/Sm144  0  1  1   540696  0  0 2.530E-08
 62145.19c  143.668500 tendl19c/Sm145  0  1  1   600548  0  0 2.530E-08 ptable
 62146.19c  144.659600 tendl19c/Sm146  0  1  1   563866  0  0 2.530E-08 ptable
 62147.19c  145.652800 tendl19c/Sm147  0  1  1  1046171  0  0 2.530E-08
 62148.19c  146.644200 tendl19c/Sm148  0  1  1   559257  0  0 2.530E-08 ptable
 62149.19c  147.637900 tendl19c/Sm149  0  1  1   682075  0  0 2.530E-08
 62150.19c  148.629400 tendl19c/Sm150  0  1  1   614417  0  0 2.530E-08 ptable
 62151.19c  149.623500 tendl19c/Sm151  0  1  1   772389  0  0 2.530E-08
 62152.19c  150.614700 tendl19c/Sm152  0  1  1   735106  0  0 2.530E-08
 62153.19c  151.608400 tendl19c/Sm153  0  1  1   385532  0  0 2.530E-08 ptable
 62154.19c  152.600000 tendl19c/Sm154  0  1  1   502819  0  0 2.530E-08
 63151.19c  149.623400 tendl19c/Eu151  0  1  1   760182  0  0 2.530E-08
 63152.19c  150.616700 tendl19c/Eu152  0  1  1   563784  0  0 2.530E-08 ptable
 63552.19c  150.616700 tendl19c/Eu152m 0  1  1   540316  0  0 2.530E-08 ptable
 63153.19c  151.607600 tendl19c/Eu153  0  1  1   630577  0  0 2.530E-08
 63154.19c  152.600700 tendl19c/Eu154  0  1  1   565154  0  0 2.530E-08 ptable
 63155.19c  153.592000 tendl19c/Eu155  0  1  1   629906  0  0 2.530E-08 ptable
 63156.19c  154.585300 tendl19c/Eu156  0  1  1   594046  0  0 2.530E-08 ptable
 63157.19c  155.577400 tendl19c/Eu157  0  1  1   513512  0  0 2.530E-08 ptable
 64148.19c  146.647400 tendl19c/Gd148  0  1  1   656016  0  0 2.530E-08
 64149.19c  147.640100 tendl19c/Gd149  0  1  1   633341  0  0 2.530E-08 ptable
 64150.19c  148.630800 tendl19c/Gd150  0  1  1   609970  0  0 2.530E-08 ptable
 64151.19c  149.623900 tendl19c/Gd151  0  1  1   649715  0  0 2.530E-08 ptable
 64152.19c  150.614700 tendl19c/Gd152  0  1  1   868960  0  0 2.530E-08
 64153.19c  151.608100 tendl19c/Gd153  0  1  1   554853  0  0 2.530E-08 ptable
 64154.19c  152.598600 tendl19c/Gd154  0  1  1   853078  0  0 2.530E-08
 64155.19c  153.591800 tendl19c/Gd155  0  1  1   727793  0  0 2.530E-08
 64156.19c  154.582700 tendl19c/Gd156  0  1  1   688770  0  0 2.530E-08
 64157.19c  155.575900 tendl19c/Gd157  0  1  1   715096  0  0 2.530E-08
 64158.19c  156.567500 tendl19c/Gd158  0  1  1   700331  0  0 2.530E-08
 64159.19c  157.561200 tendl19c/Gd159  0  1  1   420992  0  0 2.530E-08 ptable
 64160.19c  158.553200 tendl19c/Gd160  0  1  1   512652  0  0 2.530E-08
 64161.19c  159.547200 tendl19c/Gd161  0  1  1   456944  0  0 2.530E-08 ptable
 65158.19c  156.568800 tendl19c/Tb158  0  1  1   518532  0  0 2.530E-08 ptable
 65159.19c  157.560100 tendl19c/Tb159  0  1  1   953539  0  0 2.530E-08
 65160.19c  158.553300 tendl19c/Tb160  0  1  1   520360  0  0 2.530E-08 ptable
 65161.19c  159.545100 tendl19c/Tb161  0  1  1   555995  0  0 2.530E-08 ptable
 66154.19c  152.602200 tendl19c/Dy154  0  1  1   648973  0  0 2.530E-08 ptable
 66155.19c  153.594900 tendl19c/Dy155  0  1  1   684412  0  0 2.530E-08 ptable
 66156.19c  154.584800 tendl19c/Dy156  0  1  1   619828  0  0 2.530E-08 ptable
 66157.19c  155.577400 tendl19c/Dy157  0  1  1   641977  0  0 2.530E-08 ptable
 66158.19c  156.567800 tendl19c/Dy158  0  1  1   559443  0  0 2.530E-08 ptable
 66159.19c  157.560500 tendl19c/Dy159  0  1  1   605050  0  0 2.530E-08 ptable
 66160.19c  158.551400 tendl19c/Dy160  0  1  1   683264  0  0 2.530E-08
 66161.19c  159.544500 tendl19c/Dy161  0  1  1   878050  0  0 2.530E-08
 66162.19c  160.535800 tendl19c/Dy162  0  1  1   830838  0  0 2.530E-08
 66163.19c  161.529100 tendl19c/Dy163  0  1  1   675483  0  0 2.530E-08
 66164.19c  162.521000 tendl19c/Dy164  0  1  1   711278  0  0 2.530E-08
 66165.19c  163.514900 tendl19c/Dy165  0  1  1   407822  0  0 2.530E-08 ptable
 67163.19c  161.529100 tendl19c/Ho163  0  1  1   560686  0  0 2.530E-08 ptable
 67165.19c  163.513500 tendl19c/Ho165  0  1  1   876535  0  0 2.530E-08
 67566.19c  164.506900 tendl19c/Ho166m 0  1  1   348228  0  0 2.530E-08 ptable
 68162.19c  160.537800 tendl19c/Er162  0  1  1   629398  0  0 2.530E-08 ptable
 68163.19c  161.530400 tendl19c/Er163  0  1  1   588275  0  0 2.530E-08 ptable
 68164.19c  162.521000 tendl19c/Er164  0  1  1   673454  0  0 2.530E-08 ptable
 68165.19c  163.513900 tendl19c/Er165  0  1  1   611995  0  0 2.530E-08 ptable
 68166.19c  164.504900 tendl19c/Er166  0  1  1   869576  0  0 2.530E-08
 68167.19c  165.498000 tendl19c/Er167  0  1  1   938650  0  0 2.530E-08
 68168.19c  166.489800 tendl19c/Er168  0  1  1   755879  0  0 2.530E-08
 68169.19c  167.483400 tendl19c/Er169  0  1  1   449973  0  0 2.530E-08 ptable
 68170.19c  168.475600 tendl19c/Er170  0  1  1   715918  0  0 2.530E-08
 68171.19c  169.469600 tendl19c/Er171  0  1  1   524440  0  0 2.530E-08 ptable
 68172.19c  170.462300 tendl19c/Er172  0  1  1   427475  0  0 2.530E-08 ptable
 69168.19c  166.491500 tendl19c/Tm168  0  1  1   538858  0  0 2.530E-08 ptable
 69169.19c  167.483000 tendl19c/Tm169  0  1  1   829275  0  0 2.530E-08
 69170.19c  168.476000 tendl19c/Tm170  0  1  1   655591  0  0 2.530E-08 ptable
 69171.19c  169.468000 tendl19c/Tm171  0  1  1   568027  0  0 2.530E-08 ptable
 70168.19c  166.491300 tendl19c/Yb168  0  1  1   638378  0  0 2.530E-08 ptable
 70169.19c  167.484000 tendl19c/Yb169  0  1  1   571786  0  0 2.530E-08 ptable
 70170.19c  168.475000 tendl19c/Yb170  0  1  1   696426  0  0 2.530E-08 ptable
 70171.19c  169.467900 tendl19c/Yb171  0  1  1   833751  0  0 2.530E-08
 70172.19c  170.459400 tendl19c/Yb172  0  1  1   750355  0  0 2.530E-08
 70173.19c  171.452600 tendl19c/Yb173  0  1  1   870397  0  0 2.530E-08
 70174.19c  172.444700 tendl19c/Yb174  0  1  1   634665  0  0 2.530E-08
 70175.19c  173.438500 tendl19c/Yb175  0  1  1   468373  0  0 2.530E-08 ptable
 70176.19c  174.431200 tendl19c/Yb176  0  1  1   627213  0  0 2.530E-08
 71173.19c  171.453300 tendl19c/Lu173  0  1  1   609680  0  0 2.530E-08 ptable
 71174.19c  172.446100 tendl19c/Lu174  0  1  1   612902  0  0 2.530E-08 ptable
 71175.19c  173.438000 tendl19c/Lu175  0  1  1  1224019  0  0 2.530E-08
 71176.19c  174.431300 tendl19c/Lu176  0  1  1   716353  0  0 2.530E-08
 71177.19c  175.423700 tendl19c/Lu177  0  1  1   516081  0  0 2.530E-08 ptable
 72174.19c  172.445800 tendl19c/Hf174  0  1  1   619094  0  0 2.530E-08 ptable
 72175.19c  173.438700 tendl19c/Hf175  0  1  1   621102  0  0 2.530E-08 ptable
 72176.19c  174.430000 tendl19c/Hf176  0  1  1   574488  0  0 2.530E-08
 72177.19c  175.423200 tendl19c/Hf177  0  1  1   859245  0  0 2.530E-08
 72178.19c  176.415100 tendl19c/Hf178  0  1  1   771702  0  0 2.530E-08
 72179.19c  177.408600 tendl19c/Hf179  0  1  1   644037  0  0 2.530E-08
 72180.19c  178.400700 tendl19c/Hf180  0  1  1   693986  0  0 2.530E-08
 72181.19c  179.394700 tendl19c/Hf181  0  1  1   446272  0  0 2.530E-08 ptable
 72182.19c  180.387500 tendl19c/Hf182  0  1  1   463717  0  0 2.530E-08
 73179.19c  177.408700 tendl19c/Ta179  0  1  1   581923  0  0 2.530E-08 ptable
 73180.19c  178.401600 tendl19c/Ta180  0  1  1   637508  0  0 2.530E-08 ptable
 73580.19c  178.401600 tendl19c/Ta180m 0  1  1   542677  0  0 2.530E-08
 73181.19c  179.393600 tendl19c/Ta181  0  1  1  1402989  0  0 2.530E-08
 73182.19c  180.387100 tendl19c/Ta182  0  1  1   558363  0  0 2.530E-08 ptable
 74180.19c  178.400900 tendl19c/W180   0  1  1   557941  0  0 2.530E-08 ptable
 74181.19c  179.393800 tendl19c/W181   0  1  1   566375  0  0 2.530E-08 ptable
 74182.19c  180.385200 tendl19c/W182   0  1  1   924906  0  0 2.530E-08
 74183.19c  181.378600 tendl19c/W183   0  1  1   686163  0  0 2.530E-08
 74184.19c  182.370700 tendl19c/W184   0  1  1   861519  0  0 2.530E-08
 74185.19c  183.364600 tendl19c/W185   0  1  1   463025  0  0 2.530E-08 ptable
 74186.19c  184.356900 tendl19c/W186   0  1  1   800938  0  0 2.530E-08
 74188.19c  186.343800 tendl19c/W188   0  1  1   475961  0  0 2.530E-08 ptable
 75185.19c  183.364100 tendl19c/Re185  0  1  1  1235495  0  0 2.530E-08
 75186.19c  184.357600 tendl19c/Re186  0  1  1   571811  0  0 2.530E-08 ptable
 75586.19c  184.357600 tendl19c/Re186m 0  1  1   397864  0  0 2.530E-08 ptable
 75187.19c  185.349700 tendl19c/Re187  0  1  1  1165525  0  0 2.530E-08
 75188.19c  186.343500 tendl19c/Re188  0  1  1   518402  0  0 2.530E-08 ptable
 76184.19c  182.372300 tendl19c/Os184  0  1  1   557839  0  0 2.530E-08 ptable
 76185.19c  183.365200 tendl19c/Os185  0  1  1   607117  0  0 2.530E-08 ptable
 76186.19c  184.356400 tendl19c/Os186  0  1  1   839185  0  0 2.530E-08
 76187.19c  185.349700 tendl19c/Os187  0  1  1   830977  0  0 2.530E-08
 76188.19c  186.341200 tendl19c/Os188  0  1  1   777883  0  0 2.530E-08
 76189.19c  187.334900 tendl19c/Os189  0  1  1   712443  0  0 2.530E-08 ptable
 76190.19c  188.326600 tendl19c/Os190  0  1  1   599759  0  0 2.530E-08 ptable
 76191.19c  189.320500 tendl19c/Os191  0  1  1   568156  0  0 2.530E-08 ptable
 76192.19c  190.312500 tendl19c/Os192  0  1  1   438954  0  0 2.530E-08
 76193.19c  191.306500 tendl19c/Os193  0  1  1   554643  0  0 2.530E-08 ptable
 77190.19c  188.328700 tendl19c/Ir190  0  1  1   598052  0  0 2.530E-08 ptable
 77191.19c  189.320200 tendl19c/Ir191  0  1  1   654593  0  0 2.530E-08
 77192.19c  190.313600 tendl19c/Ir192  0  1  1   547963  0  0 2.530E-08 ptable
 77193.19c  191.305300 tendl19c/Ir193  0  1  1   611917  0  0 2.530E-08
 77594.19c  192.298800 tendl19c/Ir194m 0  1  1   307150  0  0 2.530E-08 ptable
 78190.19c  188.328100 tendl19c/Pt190  0  1  1   580090  0  0 2.530E-08 ptable
 78191.19c  189.321200 tendl19c/Pt191  0  1  1   687287  0  0 2.530E-08 ptable
 78192.19c  190.312000 tendl19c/Pt192  0  1  1   851464  0  0 2.530E-08
 78193.19c  191.305400 tendl19c/Pt193  0  1  1   569070  0  0 2.530E-08 ptable
 78194.19c  192.296500 tendl19c/Pt194  0  1  1   526346  0  0 2.530E-08 ptable
 78195.19c  193.290000 tendl19c/Pt195  0  1  1   595917  0  0 2.530E-08
 78196.19c  194.281500 tendl19c/Pt196  0  1  1   483498  0  0 2.530E-08 ptable
 78197.19c  195.275300 tendl19c/Pt197  0  1  1   500231  0  0 2.530E-08 ptable
 78198.19c  196.267300 tendl19c/Pt198  0  1  1   448531  0  0 2.530E-08 ptable
 79197.19c  195.274600 tendl19c/Au197  0  1  1   789735  0  0 2.530E-08
 80196.19c  194.282400 tendl19c/Hg196  0  1  1   528684  0  0 2.530E-08 ptable
 80197.19c  195.275200 tendl19c/Hg197  0  1  1   556119  0  0 2.530E-08 ptable
 80597.19c  195.275200 tendl19c/Hg197m 0  1  1   389188  0  0 2.530E-08 ptable
 80198.19c  196.266200 tendl19c/Hg198  0  1  1   862349  0  0 2.530E-08 ptable
 80199.19c  197.259100 tendl19c/Hg199  0  1  1   584482  0  0 2.530E-08 ptable
 80200.19c  198.250500 tendl19c/Hg200  0  1  1   510060  0  0 2.530E-08
 80201.19c  199.243900 tendl19c/Hg201  0  1  1   825251  0  0 2.530E-08 ptable
 80202.19c  200.235600 tendl19c/Hg202  0  1  1   480802  0  0 2.530E-08
 80203.19c  201.229200 tendl19c/Hg203  0  1  1   482477  0  0 2.530E-08 ptable
 80204.19c  202.221300 tendl19c/Hg204  0  1  1   415890  0  0 2.530E-08
 81202.19c  200.237100 tendl19c/Tl202  0  1  1   507358  0  0 2.530E-08 ptable
 81203.19c  201.228700 tendl19c/Tl203  0  1  1   617831  0  0 2.530E-08
 81204.19c  202.221600 tendl19c/Tl204  0  1  1   517227  0  0 2.530E-08 ptable
 81205.19c  203.213600 tendl19c/Tl205  0  1  1   511258  0  0 2.530E-08
 82204.19c  202.220800 tendl19c/Pb204  0  1  1   950540  0  0 2.530E-08
 82205.19c  203.213700 tendl19c/Pb205  0  1  1   534938  0  0 2.530E-08 ptable
 82206.19c  204.205100 tendl19c/Pb206  0  1  1   774500  0  0 2.530E-08
 82207.19c  205.197900 tendl19c/Pb207  0  1  1   588041  0  0 2.530E-08
 82208.19c  206.190000 tendl19c/Pb208  0  1  1   401563  0  0 2.530E-08
 83208.19c  206.193100 tendl19c/Bi208  0  1  1   555211  0  0 2.530E-08 ptable
 83209.19c  207.185200 tendl19c/Bi209  0  1  1   540392  0  0 2.530E-08
 83210.19c  208.180300 tendl19c/Bi210  0  1  1   567184  0  0 2.530E-08 ptable
 83610.19c  208.180300 tendl19c/Bi210m 0  1  1   475088  0  0 2.530E-08 ptable
 84208.19c  206.194600 tendl19c/Po208  0  1  1   510122  0  0 2.530E-08 ptable
 84209.19c  207.187200 tendl19c/Po209  0  1  1   542937  0  0 2.530E-08 ptable
 84210.19c  208.179000 tendl19c/Po210  0  1  1   577257  0  0 2.530E-08 ptable
 88223.19c  221.102700 tendl19c/Ra223  0  1  1   741544  0  0 2.530E-08 ptable
 88224.19c  222.095800 tendl19c/Ra224  0  1  1   823952  0  0 2.530E-08 ptable
 88225.19c  223.090600 tendl19c/Ra225  0  1  1   779441  0  0 2.530E-08 ptable
 88226.19c  224.083800 tendl19c/Ra226  0  1  1   733857  0  0 2.530E-08 ptable
 89225.19c  223.090200 tendl19c/Ac225  0  1  1   807036  0  0 2.530E-08 ptable
 89226.19c  224.084400 tendl19c/Ac226  0  1  1   708825  0  0 2.530E-08 ptable
 89227.19c  225.077500 tendl19c/Ac227  0  1  1   706690  0  0 2.530E-08 ptable
 90227.19c  225.077400 tendl19c/Th227  0  1  1   781244  0  0 2.530E-08 ptable
 90228.19c  226.069900 tendl19c/Th228  0  1  1   703140  0  0 2.530E-08 ptable
 90229.19c  227.064300 tendl19c/Th229  0  1  1   702293  0  0 2.530E-08
 90230.19c  228.057100 tendl19c/Th230  0  1  1   721721  0  0 2.530E-08
 90231.19c  229.051600 tendl19c/Th231  0  1  1   675921  0  0 2.530E-08 ptable
 90232.19c  230.045000 tendl19c/Th232  0  1  1  4053609  0  0 2.530E-08 ptable
 90233.19c  231.039700 tendl19c/Th233  0  1  1   550632  0  0 2.530E-08 ptable
 90234.19c  232.033100 tendl19c/Th234  0  1  1   583884  0  0 2.530E-08 ptable
 91229.19c  227.064600 tendl19c/Pa229  0  1  1   806748  0  0 2.530E-08 ptable
 91230.19c  228.058400 tendl19c/Pa230  0  1  1   460846  0  0 2.530E-08 ptable
 91231.19c  229.051200 tendl19c/Pa231  0  1  1   873195  0  0 2.530E-08
 91232.19c  230.045300 tendl19c/Pa232  0  1  1   428385  0  0 2.530E-08
 91233.19c  231.038300 tendl19c/Pa233  0  1  1   682452  0  0 2.530E-08
 92230.19c  228.057900 tendl19c/U230   0  1  1   539897  0  0 2.530E-08 ptable
 92231.19c  229.051600 tendl19c/U231   0  1  1   522457  0  0 2.530E-08 ptable
 92232.19c  230.043900 tendl19c/U232   0  1  1   675427  0  0 2.530E-08
 92233.19c  231.038000 tendl19c/U233   0  1  1   950483  0  0 2.530E-08 ptable
 92234.19c  232.030400 tendl19c/U234   0  1  1   858770  0  0 2.530E-08
 92235.19c  233.024800 tendl19c/U235   0  1  1  7168830  0  0 2.530E-08 ptable
 92236.19c  234.017800 tendl19c/U236   0  1  1   800850  0  0 2.530E-08
 92237.19c  235.012400 tendl19c/U237   0  1  1   440023  0  0 2.530E-08 ptable
 92238.19c  236.005800 tendl19c/U238   0  1  1  7178723  0  0 2.530E-08 ptable
 92239.19c  237.000700 tendl19c/U239   0  1  1   627683  0  0 2.530E-08 ptable
 92240.19c  237.994400 tendl19c/U240   0  1  1   626776  0  0 2.530E-08 ptable
 92241.19c  238.989500 tendl19c/U241   0  1  1   455429  0  0 2.530E-08 ptable
 93234.19c  232.032400 tendl19c/Np234  0  1  1   450578  0  0 2.530E-08 ptable
 93235.19c  233.024900 tendl19c/Np235  0  1  1   789498  0  0 2.530E-08 ptable
 93236.19c  234.018800 tendl19c/Np236  0  1  1   581645  0  0 2.530E-08
 93636.19c  234.018800 tendl19c/Np236m 0  1  1   509904  0  0 2.530E-08 ptable
 93237.19c  235.011800 tendl19c/Np237  0  1  1  1211077  0  0 2.530E-08
 93238.19c  236.006000 tendl19c/Np238  0  1  1   585062  0  0 2.530E-08 ptable
 93239.19c  236.999400 tendl19c/Np239  0  1  1   654116  0  0 2.530E-08 ptable
 94236.19c  234.018300 tendl19c/Pu236  0  1  1   457426  0  0 2.530E-08
 94237.19c  235.012100 tendl19c/Pu237  0  1  1   693494  0  0 2.530E-08 ptable
 94238.19c  236.004600 tendl19c/Pu238  0  1  1   810667  0  0 2.530E-08
 94239.19c  236.998600 tendl19c/Pu239  0  1  1  1041647  0  0 2.530E-08 ptable
 94240.19c  237.991700 tendl19c/Pu240  0  1  1  1450513  0  0 2.530E-08
 94241.19c  238.986100 tendl19c/Pu241  0  1  1   809255  0  0 2.530E-08
 94242.19c  239.979400 tendl19c/Pu242  0  1  1   818333  0  0 2.530E-08
 94243.19c  240.974000 tendl19c/Pu243  0  1  1   663571  0  0 2.530E-08 ptable
 94244.19c  241.967600 tendl19c/Pu244  0  1  1   612170  0  0 2.530E-08
 94245.19c  242.962600 tendl19c/Pu245  0  1  1   682811  0  0 2.530E-08 ptable
 94246.19c  243.956400 tendl19c/Pu246  0  1  1   599654  0  0 2.530E-08 ptable
 95240.19c  237.993100 tendl19c/Am240  0  1  1   675365  0  0 2.530E-08 ptable
 95241.19c  238.986100 tendl19c/Am241  0  1  1   844305  0  0 2.530E-08
 95242.19c  239.980100 tendl19c/Am242  0  1  1   607029  0  0 2.530E-08 ptable
 95642.19c  239.980100 tendl19c/Am242m 0  1  1   490004  0  0 2.530E-08
 95243.19c  240.973400 tendl19c/Am243  0  1  1   956618  0  0 2.530E-08
 95244.19c  241.967700 tendl19c/Am244  0  1  1   634198  0  0 2.530E-08 ptable
 95644.19c  241.967700 tendl19c/Am244m 0  1  1   607931  0  0 2.530E-08 ptable
 96240.19c  237.993300 tendl19c/Cm240  0  1  1   551284  0  0 2.530E-08 ptable
 96241.19c  238.986900 tendl19c/Cm241  0  1  1   590431  0  0 2.530E-08 ptable
 96242.19c  239.979400 tendl19c/Cm242  0  1  1   487480  0  0 2.530E-08
 96243.19c  240.973400 tendl19c/Cm243  0  1  1   581163  0  0 2.530E-08
 96244.19c  241.966200 tendl19c/Cm244  0  1  1   788207  0  0 2.530E-08
 96245.19c  242.960300 tendl19c/Cm245  0  1  1   643472  0  0 2.530E-08
 96246.19c  243.953400 tendl19c/Cm246  0  1  1   651487  0  0 2.530E-08
 96247.19c  244.947900 tendl19c/Cm247  0  1  1   675821  0  0 2.530E-08
 96248.19c  245.941300 tendl19c/Cm248  0  1  1   743635  0  0 2.530E-08
 96249.19c  246.936300 tendl19c/Cm249  0  1  1   631126  0  0 2.530E-08 ptable
 96250.19c  247.930100 tendl19c/Cm250  0  1  1   682970  0  0 2.530E-08 ptable
 97245.19c  242.961100 tendl19c/Bk245  0  1  1   616127  0  0 2.530E-08 ptable
 97246.19c  243.954800 tendl19c/Bk246  0  1  1   493624  0  0 2.530E-08 ptable
 97247.19c  244.947900 tendl19c/Bk247  0  1  1   815407  0  0 2.530E-08 ptable
 97248.19c  245.942000 tendl19c/Bk248  0  1  1   623024  0  0 2.530E-08 ptable
 97249.19c  246.935300 tendl19c/Bk249  0  1  1   756827  0  0 2.530E-08
 97250.19c  247.930000 tendl19c/Bk250  0  1  1   599997  0  0 2.530E-08 ptable
 98246.19c  243.955000 tendl19c/Cf246  0  1  1   583662  0  0 2.530E-08 ptable
 98247.19c  244.948500 tendl19c/Cf247  0  1  1   671812  0  0 2.530E-08 ptable
 98248.19c  245.941100 tendl19c/Cf248  0  1  1   755679  0  0 2.530E-08 ptable
 98249.19c  246.935200 tendl19c/Cf249  0  1  1   674197  0  0 2.530E-08
 98250.19c  247.928100 tendl19c/Cf250  0  1  1   588545  0  0 2.530E-08
 98251.19c  248.922700 tendl19c/Cf251  0  1  1   588664  0  0 2.530E-08
 98252.19c  249.916100 tendl19c/Cf252  0  1  1   560679  0  0 2.530E-08
 98253.19c  250.911000 tendl19c/Cf253  0  1  1   650130  0  0 2.530E-08 ptable
 98254.19c  251.904600 tendl19c/Cf254  0  1  1   491043  0  0 2.530E-08 ptable
 99251.19c  248.923100 tendl19c/Es251  0  1  1   818335  0  0 2.530E-08 ptable
 99252.19c  249.917500 tendl19c/Es252  0  1  1   625757  0  0 2.530E-08 ptable
 99253.19c  250.910700 tendl19c/Es253  0  1  1   653319  0  0 2.530E-08 ptable
 99254.19c  251.905300 tendl19c/Es254  0  1  1   579188  0  0 2.530E-08 ptable
 99255.19c  252.898900 tendl19c/Es255  0  1  1   449435  0  0 2.530E-08 ptable
 99654.19c  251.905300 tendl19c/Es254m 0  1  1   484856  0  0 2.530E-08 ptable
100255.19c  252.898600 tendl19c/Fm255  0  1  1   642723  0  0 2.530E-08 ptable
 
