1900.00  -0.0072170   0.0476692
1900.05  -0.0072561   0.0478740
1900.10  -0.0072963   0.0480792
1900.15  -0.0073374   0.0482846
1900.20  -0.0073795   0.0484904
1900.25  -0.0074225   0.0486965
1900.30  -0.0074666   0.0489028
1900.35  -0.0075117   0.0491094
1900.40  -0.0075578   0.0493163
1900.45  -0.0076049   0.0495234
1900.50  -0.0076530   0.0497308
1900.55  -0.0077021   0.0499384
1900.60  -0.0077523   0.0501462
1900.65  -0.0078035   0.0503543
1900.70  -0.0078557   0.0505625
1900.75  -0.0079090   0.0507709
1900.80  -0.0079634   0.0509795
1900.85  -0.0080188   0.0511883
1900.90  -0.0080752   0.0513972
1900.95  -0.0081328   0.0516063
1901.00  -0.0081914   0.0518155
1901.05  -0.0082510   0.0520249
1901.10  -0.0083118   0.0522343
1901.15  -0.0083736   0.0524439
1901.20  -0.0084365   0.0526535
1901.25  -0.0085005   0.0528633
1901.30  -0.0085655   0.0530731
1901.35  -0.0086317   0.0532830
1901.40  -0.0086989   0.0534930
1901.45  -0.0087672   0.0537030
1901.50  -0.0088366   0.0539130
1901.55  -0.0089071   0.0541231
1901.60  -0.0089787   0.0543332
1901.65  -0.0090513   0.0545433
1901.70  -0.0091251   0.0547535
1901.75  -0.0091999   0.0549636
1901.80  -0.0092758   0.0551737
1901.85  -0.0093528   0.0553839
1901.90  -0.0094308   0.0555939
1901.95  -0.0095100   0.0558040
1902.00  -0.0095902   0.0560140
1902.05  -0.0096714   0.0562240
1902.10  -0.0097537   0.0564340
1902.15  -0.0098371   0.0566438
1902.20  -0.0099215   0.0568537
1902.25  -0.0100070   0.0570634
1902.30  -0.0100934   0.0572731
1902.35  -0.0101810   0.0574828
1902.40  -0.0102695   0.0576923
1902.45  -0.0103590   0.0579018
1902.50  -0.0104496   0.0581112
1902.55  -0.0105411   0.0583205
1902.60  -0.0106336   0.0585297
1902.65  -0.0107271   0.0587388
1902.70  -0.0108215   0.0589478
1902.75  -0.0109169   0.0591568
1902.80  -0.0110132   0.0593656
1902.85  -0.0111104   0.0595744
1902.90  -0.0112086   0.0597830
1902.95  -0.0113076   0.0599916
1903.00  -0.0114075   0.0602001
1903.05  -0.0115083   0.0604085
1903.10  -0.0116099   0.0606168
1903.15  -0.0117124   0.0608250
1903.20  -0.0118156   0.0610331
1903.25  -0.0119197   0.0612412
1903.30  -0.0120245   0.0614492
1903.35  -0.0121301   0.0616571
1903.40  -0.0122364   0.0618649
1903.45  -0.0123435   0.0620727
1903.50  -0.0124512   0.0622805
1903.55  -0.0125596   0.0624882
1903.60  -0.0126687   0.0626958
1903.65  -0.0127784   0.0629035
1903.70  -0.0128887   0.0631111
1903.75  -0.0129996   0.0633187
1903.80  -0.0131110   0.0635263
1903.85  -0.0132230   0.0637339
1903.90  -0.0133355   0.0639415
1903.95  -0.0134485   0.0641491
1904.00  -0.0135619   0.0643568
1904.05  -0.0136757   0.0645645
1904.10  -0.0137899   0.0647723
1904.15  -0.0139045   0.0649802
1904.20  -0.0140195   0.0651882
1904.25  -0.0141347   0.0653963
1904.30  -0.0142503   0.0656045
1904.35  -0.0143660   0.0658128
1904.40  -0.0144820   0.0660213
1904.45  -0.0145982   0.0662299
1904.50  -0.0147145   0.0664387
1904.55  -0.0148310   0.0666477
1904.60  -0.0149475   0.0668570
1904.65  -0.0150641   0.0670664
1904.70  -0.0151807   0.0672761
1904.75  -0.0152973   0.0674861
1904.80  -0.0154138   0.0676964
1904.85  -0.0155303   0.0679069
1904.90  -0.0156466   0.0681178
1904.95  -0.0157628   0.0683290
1905.00  -0.0158788   0.0685406
1905.05  -0.0159945   0.0687526
1905.10  -0.0161100   0.0689649
1905.15  -0.0162252   0.0691777
1905.20  -0.0163400   0.0693909
1905.25  -0.0164545   0.0696045
1905.30  -0.0165685   0.0698187
1905.35  -0.0166821   0.0700333
1905.40  -0.0167952   0.0702484
1905.45  -0.0169078   0.0704641
1905.50  -0.0170198   0.0706803
1905.55  -0.0171312   0.0708971
1905.60  -0.0172419   0.0711145
1905.65  -0.0173520   0.0713325
1905.70  -0.0174613   0.0715512
1905.75  -0.0175699   0.0717705
1905.80  -0.0176777   0.0719904
1905.85  -0.0177846   0.0722110
1905.90  -0.0178907   0.0724324
1905.95  -0.0179959   0.0726544
1906.00  -0.0181001   0.0728772
1906.05  -0.0182033   0.0731008
1906.10  -0.0183055   0.0733251
1906.15  -0.0184067   0.0735502
1906.20  -0.0185067   0.0737761
1906.25  -0.0186056   0.0740028
1906.30  -0.0187034   0.0742303
1906.35  -0.0187999   0.0744587
1906.40  -0.0188952   0.0746879
1906.45  -0.0189892   0.0749180
1906.50  -0.0190819   0.0751489
1906.55  -0.0191733   0.0753807
1906.60  -0.0192633   0.0756134
1906.65  -0.0193519   0.0758471
1906.70  -0.0194390   0.0760816
1906.75  -0.0195246   0.0763170
1906.80  -0.0196088   0.0765533
1906.85  -0.0196914   0.0767906
1906.90  -0.0197724   0.0770288
1906.95  -0.0198519   0.0772679
1907.00  -0.0199297   0.0775079
1907.05  -0.0200058   0.0777488
1907.10  -0.0200803   0.0779907
1907.15  -0.0201530   0.0782334
1907.20  -0.0202241   0.0784771
1907.25  -0.0202933   0.0787217
1907.30  -0.0203608   0.0789672
1907.35  -0.0204265   0.0792135
1907.40  -0.0204903   0.0794608
1907.45  -0.0205523   0.0797089
1907.50  -0.0206124   0.0799578
1907.55  -0.0206706   0.0802076
1907.60  -0.0207269   0.0804583
1907.65  -0.0207812   0.0807097
1907.70  -0.0208336   0.0809619
1907.75  -0.0208840   0.0812149
1907.80  -0.0209324   0.0814687
1907.85  -0.0209789   0.0817231
1907.90  -0.0210233   0.0819783
1907.95  -0.0210657   0.0822341
1908.00  -0.0211060   0.0824906
1908.05  -0.0211443   0.0827477
1908.10  -0.0211805   0.0830054
1908.15  -0.0212146   0.0832637
1908.20  -0.0212467   0.0835224
1908.25  -0.0212766   0.0837817
1908.30  -0.0213045   0.0840414
1908.35  -0.0213303   0.0843015
1908.40  -0.0213539   0.0845620
1908.45  -0.0213754   0.0848229
1908.50  -0.0213948   0.0850840
1908.55  -0.0214121   0.0853454
1908.60  -0.0214273   0.0856070
1908.65  -0.0214403   0.0858687
1908.70  -0.0214512   0.0861306
1908.75  -0.0214600   0.0863925
1908.80  -0.0214667   0.0866545
1908.85  -0.0214712   0.0869164
1908.90  -0.0214737   0.0871782
1908.95  -0.0214740   0.0874399
1909.00  -0.0214722   0.0877014
1909.05  -0.0214683   0.0879626
1909.10  -0.0214623   0.0882236
1909.15  -0.0214543   0.0884842
1909.20  -0.0214441   0.0887443
1909.25  -0.0214319   0.0890040
1909.30  -0.0214176   0.0892631
1909.35  -0.0214013   0.0895217
1909.40  -0.0213830   0.0897796
1909.45  -0.0213626   0.0900367
1909.50  -0.0213402   0.0902931
1909.55  -0.0213158   0.0905486
1909.60  -0.0212894   0.0908032
1909.65  -0.0212611   0.0910569
1909.70  -0.0212307   0.0913095
1909.75  -0.0211985   0.0915609
1909.80  -0.0211643   0.0918113
1909.85  -0.0211282   0.0920603
1909.90  -0.0210902   0.0923081
1909.95  -0.0210504   0.0925545
1910.00  -0.0210086   0.0927995
1910.05  -0.0209651   0.0930430
1910.10  -0.0209197   0.0932849
1910.15  -0.0208725   0.0935252
1910.20  -0.0208235   0.0937638
1910.25  -0.0207728   0.0940007
1910.30  -0.0207203   0.0942357
1910.35  -0.0206661   0.0944688
1910.40  -0.0206102   0.0947000
1910.45  -0.0205526   0.0949291
1910.50  -0.0204933   0.0951562
1910.55  -0.0204324   0.0953811
1910.60  -0.0203699   0.0956039
1910.65  -0.0203058   0.0958244
1910.70  -0.0202401   0.0960425
1910.75  -0.0201728   0.0962583
1910.80  -0.0201040   0.0964716
1910.85  -0.0200337   0.0966825
1910.90  -0.0199619   0.0968908
1910.95  -0.0198886   0.0970965
1911.00  -0.0198139   0.0972995
1911.05  -0.0197378   0.0974999
1911.10  -0.0196602   0.0976974
1911.15  -0.0195813   0.0978922
1911.20  -0.0195010   0.0980841
1911.25  -0.0194193   0.0982731
1911.30  -0.0193364   0.0984592
1911.35  -0.0192521   0.0986422
1911.40  -0.0191666   0.0988223
1911.45  -0.0190798   0.0989992
1911.50  -0.0189917   0.0991731
1911.55  -0.0189025   0.0993438
1911.60  -0.0188120   0.0995113
1911.65  -0.0187204   0.0996756
1911.70  -0.0186276   0.0998367
1911.75  -0.0185337   0.0999945
1911.80  -0.0184387   0.1001490
1911.85  -0.0183425   0.1003001
1911.90  -0.0182453   0.1004479
1911.95  -0.0181471   0.1005924
1912.00  -0.0180477   0.1007334
1912.05  -0.0179474   0.1008711
1912.10  -0.0178460   0.1010053
1912.15  -0.0177437   0.1011361
1912.20  -0.0176404   0.1012634
1912.25  -0.0175361   0.1013873
1912.30  -0.0174309   0.1015077
1912.35  -0.0173247   0.1016247
1912.40  -0.0172177   0.1017382
1912.45  -0.0171097   0.1018482
1912.50  -0.0170009   0.1019547
1912.55  -0.0168911   0.1020578
1912.60  -0.0167806   0.1021574
1912.65  -0.0166692   0.1022536
1912.70  -0.0165569   0.1023464
1912.75  -0.0164439   0.1024357
1912.80  -0.0163300   0.1025216
1912.85  -0.0162154   0.1026041
1912.90  -0.0160999   0.1026833
1912.95  -0.0159837   0.1027591
1913.00  -0.0158668   0.1028316
1913.05  -0.0157491   0.1029007
1913.10  -0.0156306   0.1029666
1913.15  -0.0155114   0.1030292
1913.20  -0.0153915   0.1030887
1913.25  -0.0152709   0.1031449
1913.30  -0.0151496   0.1031980
1913.35  -0.0150276   0.1032480
1913.40  -0.0149049   0.1032949
1913.45  -0.0147815   0.1033388
1913.50  -0.0146574   0.1033797
1913.55  -0.0145327   0.1034177
1913.60  -0.0144073   0.1034527
1913.65  -0.0142812   0.1034849
1913.70  -0.0141545   0.1035143
1913.75  -0.0140271   0.1035409
1913.80  -0.0138991   0.1035649
1913.85  -0.0137705   0.1035862
1913.90  -0.0136412   0.1036049
1913.95  -0.0135114   0.1036210
1914.00  -0.0133808   0.1036347
1914.05  -0.0132497   0.1036460
1914.10  -0.0131179   0.1036549
1914.15  -0.0129855   0.1036615
1914.20  -0.0128526   0.1036659
1914.25  -0.0127190   0.1036680
1914.30  -0.0125848   0.1036681
1914.35  -0.0124499   0.1036662
1914.40  -0.0123145   0.1036622
1914.45  -0.0121785   0.1036563
1914.50  -0.0120419   0.1036486
1914.55  -0.0119047   0.1036391
1914.60  -0.0117669   0.1036279
1914.65  -0.0116285   0.1036151
1914.70  -0.0114895   0.1036007
1914.75  -0.0113499   0.1035848
1914.80  -0.0112097   0.1035674
1914.85  -0.0110689   0.1035487
1914.90  -0.0109275   0.1035287
1914.95  -0.0107856   0.1035075
1915.00  -0.0106431   0.1034852
1915.05  -0.0105000   0.1034617
1915.10  -0.0103563   0.1034373
1915.15  -0.0102120   0.1034119
1915.20  -0.0100671   0.1033857
1915.25  -0.0099217   0.1033587
1915.30  -0.0097757   0.1033310
1915.35  -0.0096291   0.1033026
1915.40  -0.0094819   0.1032736
1915.45  -0.0093342   0.1032442
1915.50  -0.0091859   0.1032143
1915.55  -0.0090370   0.1031840
1915.60  -0.0088876   0.1031535
1915.65  -0.0087376   0.1031227
1915.70  -0.0085871   0.1030918
1915.75  -0.0084360   0.1030608
1915.80  -0.0082844   0.1030298
1915.85  -0.0081322   0.1029988
1915.90  -0.0079795   0.1029679
1915.95  -0.0078263   0.1029372
1916.00  -0.0076725   0.1029067
1916.05  -0.0075182   0.1028766
1916.10  -0.0073634   0.1028468
1916.15  -0.0072081   0.1028175
1916.20  -0.0070523   0.1027886
1916.25  -0.0068960   0.1027603
1916.30  -0.0067392   0.1027326
1916.35  -0.0065819   0.1027056
1916.40  -0.0064242   0.1026793
1916.45  -0.0062660   0.1026538
1916.50  -0.0061074   0.1026291
1916.55  -0.0059483   0.1026054
1916.60  -0.0057888   0.1025825
1916.65  -0.0056289   0.1025607
1916.70  -0.0054686   0.1025399
1916.75  -0.0053078   0.1025203
1916.80  -0.0051468   0.1025018
1916.85  -0.0049853   0.1024845
1916.90  -0.0048235   0.1024684
1916.95  -0.0046614   0.1024536
1917.00  -0.0044989   0.1024402
1917.05  -0.0043362   0.1024281
1917.10  -0.0041732   0.1024175
1917.15  -0.0040099   0.1024083
1917.20  -0.0038464   0.1024007
1917.25  -0.0036826   0.1023946
1917.30  -0.0035187   0.1023900
1917.35  -0.0033545   0.1023871
1917.40  -0.0031902   0.1023858
1917.45  -0.0030258   0.1023863
1917.50  -0.0028612   0.1023884
1917.55  -0.0026966   0.1023923
1917.60  -0.0025318   0.1023980
1917.65  -0.0023671   0.1024056
1917.70  -0.0022023   0.1024149
1917.75  -0.0020375   0.1024262
1917.80  -0.0018728   0.1024393
1917.85  -0.0017081   0.1024544
1917.90  -0.0015436   0.1024714
1917.95  -0.0013791   0.1024904
1918.00  -0.0012148   0.1025114
1918.05  -0.0010507   0.1025344
1918.10  -0.0008868   0.1025595
1918.15  -0.0007232   0.1025866
1918.20  -0.0005598   0.1026158
1918.25  -0.0003968   0.1026471
1918.30  -0.0002341   0.1026805
1918.35  -0.0000718   0.1027161
1918.40   0.0000901   0.1027538
1918.45   0.0002515   0.1027937
1918.50   0.0004124   0.1028358
1918.55   0.0005728   0.1028800
1918.60   0.0007326   0.1029265
1918.65   0.0008918   0.1029752
1918.70   0.0010504   0.1030261
1918.75   0.0012082   0.1030793
1918.80   0.0013654   0.1031347
1918.85   0.0015217   0.1031924
1918.90   0.0016772   0.1032523
1918.95   0.0018319   0.1033145
1919.00   0.0019857   0.1033790
1919.05   0.0021385   0.1034458
1919.10   0.0022903   0.1035149
1919.15   0.0024411   0.1035863
1919.20   0.0025909   0.1036599
1919.25   0.0027395   0.1037359
1919.30   0.0028869   0.1038143
1919.35   0.0030331   0.1038949
1919.40   0.0031781   0.1039779
1919.45   0.0033217   0.1040631
1919.50   0.0034641   0.1041508
1919.55   0.0036050   0.1042407
1919.60   0.0037444   0.1043330
1919.65   0.0038824   0.1044276
1919.70   0.0040189   0.1045245
1919.75   0.0041537   0.1046238
1919.80   0.0042869   0.1047254
1919.85   0.0044185   0.1048293
1919.90   0.0045483   0.1049356
1919.95   0.0046764   0.1050442
1920.00   0.0048026   0.1051551
1920.05   0.0049270   0.1052684
1920.10   0.0050495   0.1053839
1920.15   0.0051700   0.1055018
1920.20   0.0052885   0.1056221
1920.25   0.0054050   0.1057446
1920.30   0.0055193   0.1058695
1920.35   0.0056316   0.1059967
1920.40   0.0057416   0.1061262
1920.45   0.0058494   0.1062580
1920.50   0.0059550   0.1063921
1920.55   0.0060583   0.1065285
1920.60   0.0061591   0.1066672
1920.65   0.0062576   0.1068083
1920.70   0.0063537   0.1069516
1920.75   0.0064473   0.1070972
1920.80   0.0065383   0.1072451
1920.85   0.0066269   0.1073952
1920.90   0.0067128   0.1075477
1920.95   0.0067960   0.1077024
1921.00   0.0068767   0.1078594
1921.05   0.0069546   0.1080186
1921.10   0.0070297   0.1081802
1921.15   0.0071021   0.1083439
1921.20   0.0071717   0.1085100
1921.25   0.0072384   0.1086782
1921.30   0.0073023   0.1088488
1921.35   0.0073632   0.1090215
1921.40   0.0074213   0.1091965
1921.45   0.0074763   0.1093737
1921.50   0.0075284   0.1095532
1921.55   0.0075775   0.1097348
1921.60   0.0076235   0.1099187
1921.65   0.0076665   0.1101048
1921.70   0.0077064   0.1102931
1921.75   0.0077431   0.1104836
1921.80   0.0077768   0.1106763
1921.85   0.0078073   0.1108712
1921.90   0.0078347   0.1110683
1921.95   0.0078589   0.1112676
1922.00   0.0078798   0.1114691
1922.05   0.0078976   0.1116727
1922.10   0.0079122   0.1118785
1922.15   0.0079236   0.1120865
1922.20   0.0079317   0.1122966
1922.25   0.0079366   0.1125089
1922.30   0.0079382   0.1127233
1922.35   0.0079366   0.1129399
1922.40   0.0079317   0.1131586
1922.45   0.0079236   0.1133795
1922.50   0.0079122   0.1136025
1922.55   0.0078976   0.1138276
1922.60   0.0078797   0.1140549
1922.65   0.0078585   0.1142843
1922.70   0.0078342   0.1145158
1922.75   0.0078065   0.1147494
1922.80   0.0077757   0.1149852
1922.85   0.0077416   0.1152230
1922.90   0.0077044   0.1154630
1922.95   0.0076639   0.1157050
1923.00   0.0076203   0.1159492
1923.05   0.0075735   0.1161954
1923.10   0.0075235   0.1164437
1923.15   0.0074705   0.1166941
1923.20   0.0074143   0.1169466
1923.25   0.0073550   0.1172011
1923.30   0.0072927   0.1174578
1923.35   0.0072273   0.1177165
1923.40   0.0071590   0.1179772
1923.45   0.0070876   0.1182400
1923.50   0.0070133   0.1185049
1923.55   0.0069360   0.1187718
1923.60   0.0068558   0.1190408
1923.65   0.0067728   0.1193118
1923.70   0.0066869   0.1195848
1923.75   0.0065983   0.1198599
1923.80   0.0065068   0.1201370
1923.85   0.0064126   0.1204162
1923.90   0.0063158   0.1206974
1923.95   0.0062163   0.1209805
1924.00   0.0061141   0.1212657
1924.05   0.0060094   0.1215529
1924.10   0.0059021   0.1218422
1924.15   0.0057924   0.1221334
1924.20   0.0056802   0.1224266
1924.25   0.0055655   0.1227218
1924.30   0.0054486   0.1230189
1924.35   0.0053292   0.1233181
1924.40   0.0052077   0.1236192
1924.45   0.0050839   0.1239223
1924.50   0.0049579   0.1242274
1924.55   0.0048298   0.1245344
1924.60   0.0046995   0.1248434
1924.65   0.0045673   0.1251543
1924.70   0.0044331   0.1254671
1924.75   0.0042969   0.1257819
1924.80   0.0041589   0.1260986
1924.85   0.0040190   0.1264172
1924.90   0.0038773   0.1267377
1924.95   0.0037339   0.1270601
1925.00   0.0035888   0.1273844
1925.05   0.0034421   0.1277106
1925.10   0.0032938   0.1280387
1925.15   0.0031439   0.1283686
1925.20   0.0029926   0.1287004
1925.25   0.0028399   0.1290341
1925.30   0.0026858   0.1293695
1925.35   0.0025304   0.1297068
1925.40   0.0023737   0.1300459
1925.45   0.0022158   0.1303868
1925.50   0.0020568   0.1307295
1925.55   0.0018966   0.1310740
1925.60   0.0017354   0.1314202
1925.65   0.0015732   0.1317682
1925.70   0.0014100   0.1321179
1925.75   0.0012459   0.1324694
1925.80   0.0010810   0.1328226
1925.85   0.0009152   0.1331774
1925.90   0.0007487   0.1335339
1925.95   0.0005815   0.1338921
1926.00   0.0004137   0.1342519
1926.05   0.0002452   0.1346134
1926.10   0.0000762   0.1349765
1926.15  -0.0000933   0.1353411
1926.20  -0.0002633   0.1357074
1926.25  -0.0004337   0.1360751
1926.30  -0.0006045   0.1364444
1926.35  -0.0007756   0.1368153
1926.40  -0.0009470   0.1371876
1926.45  -0.0011186   0.1375614
1926.50  -0.0012904   0.1379366
1926.55  -0.0014623   0.1383132
1926.60  -0.0016344   0.1386913
1926.65  -0.0018065   0.1390707
1926.70  -0.0019787   0.1394515
1926.75  -0.0021508   0.1398336
1926.80  -0.0023229   0.1402170
1926.85  -0.0024949   0.1406016
1926.90  -0.0026667   0.1409875
1926.95  -0.0028384   0.1413746
1927.00  -0.0030099   0.1417630
1927.05  -0.0031811   0.1421524
1927.10  -0.0033521   0.1425430
1927.15  -0.0035227   0.1429347
1927.20  -0.0036930   0.1433275
1927.25  -0.0038630   0.1437213
1927.30  -0.0040325   0.1441161
1927.35  -0.0042016   0.1445119
1927.40  -0.0043702   0.1449086
1927.45  -0.0045384   0.1453062
1927.50  -0.0047060   0.1457047
1927.55  -0.0048730   0.1461040
1927.60  -0.0050395   0.1465041
1927.65  -0.0052054   0.1469050
1927.70  -0.0053706   0.1473066
1927.75  -0.0055352   0.1477089
1927.80  -0.0056991   0.1481119
1927.85  -0.0058623   0.1485154
1927.90  -0.0060248   0.1489196
1927.95  -0.0061865   0.1493243
1928.00  -0.0063475   0.1497295
1928.05  -0.0065077   0.1501351
1928.10  -0.0066670   0.1505412
1928.15  -0.0068256   0.1509477
1928.20  -0.0069832   0.1513545
1928.25  -0.0071401   0.1517616
1928.30  -0.0072960   0.1521689
1928.35  -0.0074511   0.1525765
1928.40  -0.0076052   0.1529843
1928.45  -0.0077584   0.1533922
1928.50  -0.0079107   0.1538002
1928.55  -0.0080620   0.1542082
1928.60  -0.0082123   0.1546162
1928.65  -0.0083616   0.1550243
1928.70  -0.0085100   0.1554322
1928.75  -0.0086573   0.1558400
1928.80  -0.0088036   0.1562477
1928.85  -0.0089488   0.1566551
1928.90  -0.0090930   0.1570624
1928.95  -0.0092361   0.1574693
1929.00  -0.0093782   0.1578759
1929.05  -0.0095192   0.1582821
1929.10  -0.0096590   0.1586879
1929.15  -0.0097978   0.1590933
1929.20  -0.0099354   0.1594981
1929.25  -0.0100720   0.1599024
1929.30  -0.0102073   0.1603061
1929.35  -0.0103416   0.1607092
1929.40  -0.0104746   0.1611116
1929.45  -0.0106065   0.1615134
1929.50  -0.0107372   0.1619143
1929.55  -0.0108668   0.1623145
1929.60  -0.0109951   0.1627138
1929.65  -0.0111222   0.1631123
1929.70  -0.0112481   0.1635099
1929.75  -0.0113728   0.1639065
1929.80  -0.0114962   0.1643021
1929.85  -0.0116184   0.1646967
1929.90  -0.0117393   0.1650903
1929.95  -0.0118590   0.1654827
1930.00  -0.0119773   0.1658740
1930.05  -0.0120944   0.1662642
1930.10  -0.0122102   0.1666531
1930.15  -0.0123246   0.1670408
1930.20  -0.0124378   0.1674272
1930.25  -0.0125495   0.1678123
1930.30  -0.0126600   0.1681960
1930.35  -0.0127691   0.1685784
1930.40  -0.0128768   0.1689594
1930.45  -0.0129831   0.1693389
1930.50  -0.0130880   0.1697169
1930.55  -0.0131915   0.1700935
1930.60  -0.0132936   0.1704685
1930.65  -0.0133942   0.1708420
1930.70  -0.0134934   0.1712139
1930.75  -0.0135911   0.1715842
1930.80  -0.0136873   0.1719529
1930.85  -0.0137820   0.1723199
1930.90  -0.0138752   0.1726853
1930.95  -0.0139668   0.1730489
1931.00  -0.0140569   0.1734108
1931.05  -0.0141455   0.1737710
1931.10  -0.0142324   0.1741294
1931.15  -0.0143177   0.1744860
1931.20  -0.0144015   0.1748408
1931.25  -0.0144835   0.1751938
1931.30  -0.0145639   0.1755450
1931.35  -0.0146427   0.1758943
1931.40  -0.0147197   0.1762418
1931.45  -0.0147950   0.1765874
1931.50  -0.0148685   0.1769311
1931.55  -0.0149403   0.1772729
1931.60  -0.0150103   0.1776128
1931.65  -0.0150785   0.1779508
1931.70  -0.0151449   0.1782869
1931.75  -0.0152094   0.1786210
1931.80  -0.0152721   0.1789532
1931.85  -0.0153328   0.1792835
1931.90  -0.0153916   0.1796118
1931.95  -0.0154485   0.1799382
1932.00  -0.0155034   0.1802626
1932.05  -0.0155563   0.1805850
1932.10  -0.0156072   0.1809056
1932.15  -0.0156561   0.1812241
1932.20  -0.0157028   0.1815407
1932.25  -0.0157475   0.1818554
1932.30  -0.0157901   0.1821681
1932.35  -0.0158305   0.1824789
1932.40  -0.0158687   0.1827878
1932.45  -0.0159048   0.1830947
1932.50  -0.0159386   0.1833997
1932.55  -0.0159702   0.1837029
1932.60  -0.0159995   0.1840041
1932.65  -0.0160265   0.1843034
1932.70  -0.0160511   0.1846008
1932.75  -0.0160735   0.1848964
1932.80  -0.0160934   0.1851901
1932.85  -0.0161110   0.1854820
1932.90  -0.0161261   0.1857721
1932.95  -0.0161387   0.1860603
1933.00  -0.0161489   0.1863468
1933.05  -0.0161566   0.1866315
1933.10  -0.0161617   0.1869144
1933.15  -0.0161643   0.1871956
1933.20  -0.0161643   0.1874750
1933.25  -0.0161617   0.1877528
1933.30  -0.0161565   0.1880288
1933.35  -0.0161487   0.1883032
1933.40  -0.0161381   0.1885759
1933.45  -0.0161249   0.1888471
1933.50  -0.0161090   0.1891166
1933.55  -0.0160903   0.1893845
1933.60  -0.0160689   0.1896509
1933.65  -0.0160447   0.1899157
1933.70  -0.0160177   0.1901790
1933.75  -0.0159879   0.1904409
1933.80  -0.0159553   0.1907012
1933.85  -0.0159198   0.1909601
1933.90  -0.0158814   0.1912177
1933.95  -0.0158402   0.1914738
1934.00  -0.0157961   0.1917285
1934.05  -0.0157490   0.1919819
1934.10  -0.0156991   0.1922340
1934.15  -0.0156462   0.1924848
1934.20  -0.0155904   0.1927343
1934.25  -0.0155316   0.1929826
1934.30  -0.0154698   0.1932297
1934.35  -0.0154051   0.1934756
1934.40  -0.0153374   0.1937203
1934.45  -0.0152667   0.1939639
1934.50  -0.0151931   0.1942063
1934.55  -0.0151164   0.1944477
1934.60  -0.0150367   0.1946880
1934.65  -0.0149541   0.1949272
1934.70  -0.0148684   0.1951655
1934.75  -0.0147798   0.1954027
1934.80  -0.0146881   0.1956390
1934.85  -0.0145935   0.1958743
1934.90  -0.0144959   0.1961086
1934.95  -0.0143953   0.1963421
1935.00  -0.0142917   0.1965747
1935.05  -0.0141852   0.1968064
1935.10  -0.0140757   0.1970373
1935.15  -0.0139633   0.1972674
1935.20  -0.0138480   0.1974966
1935.25  -0.0137298   0.1977251
1935.30  -0.0136086   0.1979528
1935.35  -0.0134846   0.1981797
1935.40  -0.0133577   0.1984060
1935.45  -0.0132280   0.1986314
1935.50  -0.0130955   0.1988562
1935.55  -0.0129602   0.1990803
1935.60  -0.0128221   0.1993038
1935.65  -0.0126813   0.1995265
1935.70  -0.0125378   0.1997486
1935.75  -0.0123916   0.1999701
1935.80  -0.0122427   0.2001910
1935.85  -0.0120913   0.2004112
1935.90  -0.0119372   0.2006308
1935.95  -0.0117806   0.2008498
1936.00  -0.0116215   0.2010682
1936.05  -0.0114599   0.2012860
1936.10  -0.0112959   0.2015032
1936.15  -0.0111295   0.2017199
1936.20  -0.0109607   0.2019359
1936.25  -0.0107896   0.2021514
1936.30  -0.0106163   0.2023663
1936.35  -0.0104408   0.2025806
1936.40  -0.0102630   0.2027943
1936.45  -0.0100832   0.2030075
1936.50  -0.0099013   0.2032200
1936.55  -0.0097174   0.2034320
1936.60  -0.0095315   0.2036434
1936.65  -0.0093437   0.2038541
1936.70  -0.0091541   0.2040642
1936.75  -0.0089626   0.2042737
1936.80  -0.0087694   0.2044826
1936.85  -0.0085746   0.2046909
1936.90  -0.0083781   0.2048984
1936.95  -0.0081800   0.2051053
1937.00  -0.0079805   0.2053116
1937.05  -0.0077795   0.2055171
1937.10  -0.0075771   0.2057219
1937.15  -0.0073734   0.2059260
1937.20  -0.0071685   0.2061293
1937.25  -0.0069623   0.2063319
1937.30  -0.0067551   0.2065337
1937.35  -0.0065468   0.2067346
1937.40  -0.0063375   0.2069348
1937.45  -0.0061273   0.2071341
1937.50  -0.0059162   0.2073325
1937.55  -0.0057044   0.2075301
1937.60  -0.0054918   0.2077267
1937.65  -0.0052786   0.2079223
1937.70  -0.0050648   0.2081170
1937.75  -0.0048505   0.2083108
1937.80  -0.0046358   0.2085034
1937.85  -0.0044206   0.2086951
1937.90  -0.0042052   0.2088856
1937.95  -0.0039896   0.2090751
1938.00  -0.0037737   0.2092634
1938.05  -0.0035578   0.2094506
1938.10  -0.0033418   0.2096365
1938.15  -0.0031259   0.2098213
1938.20  -0.0029101   0.2100047
1938.25  -0.0026944   0.2101869
1938.30  -0.0024790   0.2103678
1938.35  -0.0022639   0.2105474
1938.40  -0.0020491   0.2107256
1938.45  -0.0018348   0.2109023
1938.50  -0.0016209   0.2110776
1938.55  -0.0014077   0.2112515
1938.60  -0.0011950   0.2114239
1938.65  -0.0009830   0.2115947
1938.70  -0.0007717   0.2117640
1938.75  -0.0005613   0.2119317
1938.80  -0.0003516   0.2120977
1938.85  -0.0001429   0.2122622
1938.90   0.0000648   0.2124249
1938.95   0.0002716   0.2125859
1939.00   0.0004772   0.2127452
1939.05   0.0006818   0.2129027
1939.10   0.0008852   0.2130585
1939.15   0.0010873   0.2132124
1939.20   0.0012883   0.2133645
1939.25   0.0014879   0.2135147
1939.30   0.0016861   0.2136630
1939.35   0.0018830   0.2138094
1939.40   0.0020785   0.2139539
1939.45   0.0022725   0.2140963
1939.50   0.0024650   0.2142369
1939.55   0.0026559   0.2143754
1939.60   0.0028453   0.2145118
1939.65   0.0030332   0.2146463
1939.70   0.0032193   0.2147786
1939.75   0.0034039   0.2149089
1939.80   0.0035868   0.2150372
1939.85   0.0037679   0.2151633
1939.90   0.0039474   0.2152873
1939.95   0.0041251   0.2154091
1940.00   0.0043011   0.2155288
1940.05   0.0044753   0.2156464
1940.10   0.0046478   0.2157618
1940.15   0.0048185   0.2158751
1940.20   0.0049874   0.2159862
1940.25   0.0051545   0.2160951
1940.30   0.0053198   0.2162019
1940.35   0.0054833   0.2163065
1940.40   0.0056450   0.2164090
1940.45   0.0058049   0.2165092
1940.50   0.0059630   0.2166073
1940.55   0.0061194   0.2167033
1940.60   0.0062740   0.2167971
1940.65   0.0064268   0.2168888
1940.70   0.0065779   0.2169783
1940.75   0.0067273   0.2170658
1940.80   0.0068749   0.2171511
1940.85   0.0070209   0.2172344
1940.90   0.0071652   0.2173156
1940.95   0.0073078   0.2173947
1941.00   0.0074488   0.2174719
1941.05   0.0075883   0.2175470
1941.10   0.0077262   0.2176201
1941.15   0.0078625   0.2176913
1941.20   0.0079973   0.2177605
1941.25   0.0081307   0.2178279
1941.30   0.0082627   0.2178934
1941.35   0.0083932   0.2179570
1941.40   0.0085224   0.2180188
1941.45   0.0086503   0.2180789
1941.50   0.0087770   0.2181372
1941.55   0.0089023   0.2181938
1941.60   0.0090266   0.2182487
1941.65   0.0091496   0.2183020
1941.70   0.0092716   0.2183537
1941.75   0.0093925   0.2184039
1941.80   0.0095125   0.2184526
1941.85   0.0096315   0.2184998
1941.90   0.0097496   0.2185456
1941.95   0.0098668   0.2185901
1942.00   0.0099833   0.2186332
1942.05   0.0100990   0.2186751
1942.10   0.0102140   0.2187157
1942.15   0.0103284   0.2187552
1942.20   0.0104422   0.2187936
1942.25   0.0105555   0.2188309
1942.30   0.0106684   0.2188671
1942.35   0.0107808   0.2189025
1942.40   0.0108928   0.2189369
1942.45   0.0110046   0.2189705
1942.50   0.0111161   0.2190032
1942.55   0.0112274   0.2190353
1942.60   0.0113386   0.2190666
1942.65   0.0114497   0.2190974
1942.70   0.0115607   0.2191275
1942.75   0.0116718   0.2191572
1942.80   0.0117830   0.2191864
1942.85   0.0118943   0.2192152
1942.90   0.0120058   0.2192437
1942.95   0.0121175   0.2192718
1943.00   0.0122295   0.2192998
1943.05   0.0123418   0.2193276
1943.10   0.0124546   0.2193553
1943.15   0.0125677   0.2193829
1943.20   0.0126813   0.2194106
1943.25   0.0127955   0.2194383
1943.30   0.0129102   0.2194661
1943.35   0.0130256   0.2194941
1943.40   0.0131416   0.2195224
1943.45   0.0132583   0.2195509
1943.50   0.0133757   0.2195797
1943.55   0.0134939   0.2196090
1943.60   0.0136129   0.2196387
1943.65   0.0137328   0.2196689
1943.70   0.0138535   0.2196996
1943.75   0.0139752   0.2197310
1943.80   0.0140978   0.2197630
1943.85   0.0142213   0.2197957
1943.90   0.0143459   0.2198291
1943.95   0.0144715   0.2198634
1944.00   0.0145981   0.2198985
1944.05   0.0147257   0.2199344
1944.10   0.0148545   0.2199713
1944.15   0.0149843   0.2200092
1944.20   0.0151152   0.2200480
1944.25   0.0152473   0.2200879
1944.30   0.0153805   0.2201289
1944.35   0.0155149   0.2201711
1944.40   0.0156503   0.2202144
1944.45   0.0157870   0.2202589
1944.50   0.0159248   0.2203046
1944.55   0.0160637   0.2203516
1944.60   0.0162038   0.2203998
1944.65   0.0163451   0.2204494
1944.70   0.0164874   0.2205004
1944.75   0.0166310   0.2205527
1944.80   0.0167756   0.2206064
1944.85   0.0169214   0.2206616
1944.90   0.0170682   0.2207182
1944.95   0.0172161   0.2207762
1945.00   0.0173651   0.2208358
1945.05   0.0175151   0.2208969
1945.10   0.0176662   0.2209594
1945.15   0.0178182   0.2210236
1945.20   0.0179712   0.2210892
1945.25   0.0181252   0.2211565
1945.30   0.0182800   0.2212253
1945.35   0.0184357   0.2212957
1945.40   0.0185923   0.2213676
1945.45   0.0187497   0.2214412
1945.50   0.0189078   0.2215164
1945.55   0.0190667   0.2215932
1945.60   0.0192263   0.2216717
1945.65   0.0193865   0.2217517
1945.70   0.0195473   0.2218334
1945.75   0.0197087   0.2219166
1945.80   0.0198707   0.2220015
1945.85   0.0200330   0.2220881
1945.90   0.0201958   0.2221762
1945.95   0.0203590   0.2222659
1946.00   0.0205225   0.2223573
1946.05   0.0206863   0.2224502
1946.10   0.0208503   0.2225448
1946.15   0.0210144   0.2226409
1946.20   0.0211786   0.2227386
1946.25   0.0213429   0.2228379
1946.30   0.0215072   0.2229387
1946.35   0.0216715   0.2230411
1946.40   0.0218356   0.2231450
1946.45   0.0219995   0.2232505
1946.50   0.0221632   0.2233575
1946.55   0.0223266   0.2234660
1946.60   0.0224897   0.2235759
1946.65   0.0226523   0.2236874
1946.70   0.0228145   0.2238003
1946.75   0.0229761   0.2239147
1946.80   0.0231372   0.2240306
1946.85   0.0232976   0.2241478
1946.90   0.0234573   0.2242665
1946.95   0.0236162   0.2243866
1947.00   0.0237742   0.2245081
1947.05   0.0239314   0.2246310
1947.10   0.0240876   0.2247552
1947.15   0.0242429   0.2248808
1947.20   0.0243970   0.2250078
1947.25   0.0245501   0.2251360
1947.30   0.0247019   0.2252656
1947.35   0.0248525   0.2253965
1947.40   0.0250019   0.2255287
1947.45   0.0251498   0.2256622
1947.50   0.0252964   0.2257970
1947.55   0.0254416   0.2259330
1947.60   0.0255852   0.2260703
1947.65   0.0257273   0.2262088
1947.70   0.0258677   0.2263486
1947.75   0.0260066   0.2264896
1947.80   0.0261437   0.2266319
1947.85   0.0262790   0.2267753
1947.90   0.0264126   0.2269200
1947.95   0.0265444   0.2270659
1948.00   0.0266742   0.2272130
1948.05   0.0268022   0.2273614
1948.10   0.0269282   0.2275109
1948.15   0.0270521   0.2276617
1948.20   0.0271741   0.2278136
1948.25   0.0272940   0.2279668
1948.30   0.0274118   0.2281211
1948.35   0.0275274   0.2282767
1948.40   0.0276409   0.2284335
1948.45   0.0277522   0.2285915
1948.50   0.0278612   0.2287507
1948.55   0.0279680   0.2289112
1948.60   0.0280726   0.2290728
1948.65   0.0281748   0.2292358
1948.70   0.0282747   0.2294000
1948.75   0.0283723   0.2295654
1948.80   0.0284675   0.2297321
1948.85   0.0285604   0.2299001
1948.90   0.0286508   0.2300694
1948.95   0.0287389   0.2302400
1949.00   0.0288245   0.2304119
1949.05   0.0289078   0.2305851
1949.10   0.0289886   0.2307597
1949.15   0.0290669   0.2309356
1949.20   0.0291429   0.2311129
1949.25   0.0292164   0.2312916
1949.30   0.0292874   0.2314717
1949.35   0.0293560   0.2316532
1949.40   0.0294221   0.2318362
1949.45   0.0294858   0.2320206
1949.50   0.0295471   0.2322065
1949.55   0.0296059   0.2323939
1949.60   0.0296624   0.2325828
1949.65   0.0297163   0.2327732
1949.70   0.0297679   0.2329652
1949.75   0.0298171   0.2331587
1949.80   0.0298639   0.2333538
1949.85   0.0299084   0.2335506
1949.90   0.0299505   0.2337489
1949.95   0.0299902   0.2339489
1950.00   0.0300277   0.2341506
1950.05   0.0300628   0.2343539
1950.10   0.0300956   0.2345589
1950.15   0.0301262   0.2347657
1950.20   0.0301546   0.2349742
1950.25   0.0301807   0.2351844
1950.30   0.0302047   0.2353964
1950.35   0.0302264   0.2356102
1950.40   0.0302461   0.2358258
1950.45   0.0302636   0.2360432
1950.50   0.0302790   0.2362624
1950.55   0.0302924   0.2364834
1950.60   0.0303037   0.2367063
1950.65   0.0303130   0.2369311
1950.70   0.0303203   0.2371577
1950.75   0.0303257   0.2373863
1950.80   0.0303292   0.2376167
1950.85   0.0303308   0.2378490
1950.90   0.0303305   0.2380832
1950.95   0.0303284   0.2383193
1951.00   0.0303246   0.2385573
1951.05   0.0303189   0.2387972
1951.10   0.0303115   0.2390391
1951.15   0.0303025   0.2392828
1951.20   0.0302917   0.2395285
1951.25   0.0302794   0.2397760
1951.30   0.0302654   0.2400255
1951.35   0.0302499   0.2402768
1951.40   0.0302328   0.2405300
1951.45   0.0302143   0.2407851
1951.50   0.0301942   0.2410421
1951.55   0.0301728   0.2413008
1951.60   0.0301499   0.2415614
1951.65   0.0301256   0.2418238
1951.70   0.0301000   0.2420880
1951.75   0.0300731   0.2423539
1951.80   0.0300449   0.2426216
1951.85   0.0300155   0.2428909
1951.90   0.0299848   0.2431620
1951.95   0.0299529   0.2434347
1952.00   0.0299199   0.2437089
1952.05   0.0298857   0.2439848
1952.10   0.0298504   0.2442622
1952.15   0.0298140   0.2445411
1952.20   0.0297766   0.2448215
1952.25   0.0297381   0.2451032
1952.30   0.0296987   0.2453863
1952.35   0.0296582   0.2456708
1952.40   0.0296168   0.2459564
1952.45   0.0295744   0.2462433
1952.50   0.0295311   0.2465314
1952.55   0.0294869   0.2468205
1952.60   0.0294419   0.2471107
1952.65   0.0293960   0.2474018
1952.70   0.0293492   0.2476938
1952.75   0.0293016   0.2479867
1952.80   0.0292533   0.2482803
1952.85   0.0292041   0.2485746
1952.90   0.0291542   0.2488695
1952.95   0.0291035   0.2491650
1953.00   0.0290520   0.2494609
1953.05   0.0289998   0.2497572
1953.10   0.0289469   0.2500538
1953.15   0.0288933   0.2503506
1953.20   0.0288390   0.2506475
1953.25   0.0287840   0.2509445
1953.30   0.0287283   0.2512414
1953.35   0.0286720   0.2515381
1953.40   0.0286149   0.2518346
1953.45   0.0285572   0.2521307
1953.50   0.0284989   0.2524264
1953.55   0.0284399   0.2527216
1953.60   0.0283802   0.2530161
1953.65   0.0283198   0.2533099
1953.70   0.0282589   0.2536028
1953.75   0.0281972   0.2538947
1953.80   0.0281349   0.2541856
1953.85   0.0280720   0.2544752
1953.90   0.0280084   0.2547636
1953.95   0.0279441   0.2550505
1954.00   0.0278792   0.2553360
1954.05   0.0278136   0.2556198
1954.10   0.0277473   0.2559018
1954.15   0.0276803   0.2561819
1954.20   0.0276126   0.2564601
1954.25   0.0275443   0.2567361
1954.30   0.0274752   0.2570099
1954.35   0.0274054   0.2572813
1954.40   0.0273349   0.2575503
1954.45   0.0272637   0.2578166
1954.50   0.0271917   0.2580802
1954.55   0.0271189   0.2583410
1954.60   0.0270454   0.2585988
1954.65   0.0269711   0.2588535
1954.70   0.0268960   0.2591049
1954.75   0.0268200   0.2593530
1954.80   0.0267433   0.2595976
1954.85   0.0266657   0.2598386
1954.90   0.0265872   0.2600759
1954.95   0.0265079   0.2603094
1955.00   0.0264276   0.2605388
1955.05   0.0263465   0.2607642
1955.10   0.0262645   0.2609853
1955.15   0.0261815   0.2612021
1955.20   0.0260975   0.2614144
1955.25   0.0260126   0.2616221
1955.30   0.0259266   0.2618251
1955.35   0.0258397   0.2620233
1955.40   0.0257517   0.2622165
1955.45   0.0256627   0.2624046
1955.50   0.0255726   0.2625876
1955.55   0.0254815   0.2627652
1955.60   0.0253892   0.2629375
1955.65   0.0252958   0.2631042
1955.70   0.0252012   0.2632652
1955.75   0.0251055   0.2634206
1955.80   0.0250086   0.2635700
1955.85   0.0249106   0.2637135
1955.90   0.0248113   0.2638509
1955.95   0.0247107   0.2639822
1956.00   0.0246089   0.2641072
1956.05   0.0245059   0.2642258
1956.10   0.0244015   0.2643380
1956.15   0.0242958   0.2644436
1956.20   0.0241888   0.2645425
1956.25   0.0240805   0.2646348
1956.30   0.0239708   0.2647202
1956.35   0.0238597   0.2647987
1956.40   0.0237473   0.2648702
1956.45   0.0236334   0.2649346
1956.50   0.0235181   0.2649919
1956.55   0.0234014   0.2650420
1956.60   0.0232832   0.2650848
1956.65   0.0231635   0.2651203
1956.70   0.0230423   0.2651483
1956.75   0.0229197   0.2651689
1956.80   0.0227955   0.2651820
1956.85   0.0226699   0.2651875
1956.90   0.0225427   0.2651853
1956.95   0.0224139   0.2651755
1957.00   0.0222836   0.2651579
1957.05   0.0221517   0.2651326
1957.10   0.0220183   0.2650995
1957.15   0.0218833   0.2650585
1957.20   0.0217466   0.2650097
1957.25   0.0216084   0.2649530
1957.30   0.0214686   0.2648884
1957.35   0.0213272   0.2648158
1957.40   0.0211841   0.2647353
1957.45   0.0210395   0.2646468
1957.50   0.0208932   0.2645504
1957.55   0.0207453   0.2644460
1957.60   0.0205958   0.2643337
1957.65   0.0204446   0.2642133
1957.70   0.0202918   0.2640851
1957.75   0.0201374   0.2639488
1957.80   0.0199813   0.2638047
1957.85   0.0198237   0.2636526
1957.90   0.0196644   0.2634926
1957.95   0.0195035   0.2633248
1958.00   0.0193409   0.2631491
1958.05   0.0191768   0.2629656
1958.10   0.0190111   0.2627744
1958.15   0.0188438   0.2625754
1958.20   0.0186749   0.2623688
1958.25   0.0185044   0.2621545
1958.30   0.0183324   0.2619327
1958.35   0.0181588   0.2617033
1958.40   0.0179836   0.2614665
1958.45   0.0178070   0.2612223
1958.50   0.0176288   0.2609708
1958.55   0.0174492   0.2607120
1958.60   0.0172680   0.2604460
1958.65   0.0170854   0.2601729
1958.70   0.0169014   0.2598928
1958.75   0.0167159   0.2596058
1958.80   0.0165290   0.2593119
1958.85   0.0163408   0.2590113
1958.90   0.0161511   0.2587040
1958.95   0.0159602   0.2583901
1959.00   0.0157679   0.2580698
1959.05   0.0155743   0.2577431
1959.10   0.0153795   0.2574101
1959.15   0.0151834   0.2570711
1959.20   0.0149861   0.2567259
1959.25   0.0147876   0.2563749
1959.30   0.0145880   0.2560181
1959.35   0.0143872   0.2556555
1959.40   0.0141854   0.2552875
1959.45   0.0139825   0.2549140
1959.50   0.0137786   0.2545352
1959.55   0.0135736   0.2541513
1959.60   0.0133678   0.2537623
1959.65   0.0131610   0.2533684
1959.70   0.0129533   0.2529697
1959.75   0.0127447   0.2525664
1959.80   0.0125354   0.2521587
1959.85   0.0123252   0.2517466
1959.90   0.0121144   0.2513303
1959.95   0.0119028   0.2509099
1960.00   0.0116906   0.2504857
1960.05   0.0114778   0.2500577
1960.10   0.0112644   0.2496260
1960.15   0.0110505   0.2491910
1960.20   0.0108361   0.2487526
1960.25   0.0106212   0.2483111
1960.30   0.0104060   0.2478666
1960.35   0.0101904   0.2474193
1960.40   0.0099745   0.2469693
1960.45   0.0097584   0.2465167
1960.50   0.0095420   0.2460618
1960.55   0.0093255   0.2456047
1960.60   0.0091089   0.2451455
1960.65   0.0088922   0.2446845
1960.70   0.0086755   0.2442217
1960.75   0.0084588   0.2437574
1960.80   0.0082422   0.2432916
1960.85   0.0080258   0.2428246
1960.90   0.0078095   0.2423564
1960.95   0.0075934   0.2418874
1961.00   0.0073776   0.2414175
1961.05   0.0071622   0.2409471
1961.10   0.0069472   0.2404761
1961.15   0.0067325   0.2400049
1961.20   0.0065184   0.2395334
1961.25   0.0063048   0.2390620
1961.30   0.0060918   0.2385908
1961.35   0.0058794   0.2381198
1961.40   0.0056677   0.2376493
1961.45   0.0054568   0.2371794
1961.50   0.0052467   0.2367103
1961.55   0.0050374   0.2362420
1961.60   0.0048290   0.2357748
1961.65   0.0046215   0.2353088
1961.70   0.0044150   0.2348441
1961.75   0.0042096   0.2343809
1961.80   0.0040053   0.2339193
1961.85   0.0038021   0.2334595
1961.90   0.0036002   0.2330015
1961.95   0.0033995   0.2325456
1962.00   0.0032000   0.2320918
1962.05   0.0030020   0.2316403
1962.10   0.0028053   0.2311913
1962.15   0.0026100   0.2307447
1962.20   0.0024162   0.2303009
1962.25   0.0022240   0.2298598
1962.30   0.0020334   0.2294216
1962.35   0.0018443   0.2289864
1962.40   0.0016570   0.2285544
1962.45   0.0014713   0.2281256
1962.50   0.0012875   0.2277002
1962.55   0.0011054   0.2272783
1962.60   0.0009251   0.2268599
1962.65   0.0007468   0.2264452
1962.70   0.0005703   0.2260343
1962.75   0.0003959   0.2256272
1962.80   0.0002234   0.2252241
1962.85   0.0000530   0.2248251
1962.90  -0.0001154   0.2244302
1962.95  -0.0002816   0.2240396
1963.00  -0.0004457   0.2236532
1963.05  -0.0006076   0.2232713
1963.10  -0.0007673   0.2228938
1963.15  -0.0009247   0.2225209
1963.20  -0.0010799   0.2221527
1963.25  -0.0012327   0.2217891
1963.30  -0.0013832   0.2214303
1963.35  -0.0015313   0.2210763
1963.40  -0.0016770   0.2207273
1963.45  -0.0018203   0.2203831
1963.50  -0.0019611   0.2200440
1963.55  -0.0020995   0.2197100
1963.60  -0.0022353   0.2193811
1963.65  -0.0023686   0.2190573
1963.70  -0.0024994   0.2187388
1963.75  -0.0026276   0.2184255
1963.80  -0.0027533   0.2181175
1963.85  -0.0028763   0.2178149
1963.90  -0.0029967   0.2175177
1963.95  -0.0031145   0.2172258
1964.00  -0.0032296   0.2169394
1964.05  -0.0033420   0.2166585
1964.10  -0.0034518   0.2163830
1964.15  -0.0035588   0.2161131
1964.20  -0.0036632   0.2158487
1964.25  -0.0037649   0.2155899
1964.30  -0.0038638   0.2153367
1964.35  -0.0039600   0.2150890
1964.40  -0.0040535   0.2148470
1964.45  -0.0041442   0.2146105
1964.50  -0.0042322   0.2143797
1964.55  -0.0043175   0.2141546
1964.60  -0.0043999   0.2139350
1964.65  -0.0044797   0.2137211
1964.70  -0.0045567   0.2135128
1964.75  -0.0046309   0.2133102
1964.80  -0.0047024   0.2131131
1964.85  -0.0047711   0.2129217
1964.90  -0.0048371   0.2127359
1964.95  -0.0049003   0.2125557
1965.00  -0.0049608   0.2123811
1965.05  -0.0050186   0.2122121
1965.10  -0.0050737   0.2120486
1965.15  -0.0051260   0.2118906
1965.20  -0.0051756   0.2117382
1965.25  -0.0052225   0.2115913
1965.30  -0.0052668   0.2114499
1965.35  -0.0053083   0.2113139
1965.40  -0.0053472   0.2111834
1965.45  -0.0053834   0.2110582
1965.50  -0.0054170   0.2109384
1965.55  -0.0054480   0.2108240
1965.60  -0.0054763   0.2107149
1965.65  -0.0055020   0.2106111
1965.70  -0.0055252   0.2105126
1965.75  -0.0055457   0.2104192
1965.80  -0.0055637   0.2103311
1965.85  -0.0055792   0.2102481
1965.90  -0.0055922   0.2101702
1965.95  -0.0056026   0.2100974
1966.00  -0.0056106   0.2100296
1966.05  -0.0056160   0.2099668
1966.10  -0.0056191   0.2099090
1966.15  -0.0056197   0.2098561
1966.20  -0.0056179   0.2098080
1966.25  -0.0056137   0.2097648
1966.30  -0.0056071   0.2097264
1966.35  -0.0055981   0.2096927
1966.40  -0.0055869   0.2096637
1966.45  -0.0055733   0.2096394
1966.50  -0.0055574   0.2096196
1966.55  -0.0055392   0.2096044
1966.60  -0.0055188   0.2095938
1966.65  -0.0054962   0.2095875
1966.70  -0.0054714   0.2095857
1966.75  -0.0054443   0.2095883
1966.80  -0.0054151   0.2095952
1966.85  -0.0053838   0.2096063
1966.90  -0.0053503   0.2096217
1966.95  -0.0053147   0.2096412
1967.00  -0.0052771   0.2096649
1967.05  -0.0052373   0.2096926
1967.10  -0.0051956   0.2097243
1967.15  -0.0051518   0.2097600
1967.20  -0.0051060   0.2097996
1967.25  -0.0050582   0.2098431
1967.30  -0.0050085   0.2098904
1967.35  -0.0049569   0.2099415
1967.40  -0.0049033   0.2099963
1967.45  -0.0048478   0.2100548
1967.50  -0.0047905   0.2101168
1967.55  -0.0047313   0.2101825
1967.60  -0.0046703   0.2102516
1967.65  -0.0046074   0.2103243
1967.70  -0.0045428   0.2104003
1967.75  -0.0044764   0.2104797
1967.80  -0.0044082   0.2105624
1967.85  -0.0043383   0.2106484
1967.90  -0.0042667   0.2107376
1967.95  -0.0041934   0.2108300
1968.00  -0.0041184   0.2109255
1968.05  -0.0040417   0.2110241
1968.10  -0.0039634   0.2111257
1968.15  -0.0038835   0.2112303
1968.20  -0.0038019   0.2113379
1968.25  -0.0037188   0.2114483
1968.30  -0.0036341   0.2115616
1968.35  -0.0035478   0.2116776
1968.40  -0.0034600   0.2117964
1968.45  -0.0033707   0.2119179
1968.50  -0.0032799   0.2120421
1968.55  -0.0031876   0.2121689
1968.60  -0.0030938   0.2122983
1968.65  -0.0029986   0.2124302
1968.70  -0.0029020   0.2125646
1968.75  -0.0028039   0.2127015
1968.80  -0.0027044   0.2128408
1968.85  -0.0026035   0.2129824
1968.90  -0.0025013   0.2131264
1968.95  -0.0023977   0.2132727
1969.00  -0.0022928   0.2134212
1969.05  -0.0021865   0.2135719
1969.10  -0.0020789   0.2137248
1969.15  -0.0019701   0.2138799
1969.20  -0.0018600   0.2140370
1969.25  -0.0017486   0.2141963
1969.30  -0.0016359   0.2143575
1969.35  -0.0015221   0.2145208
1969.40  -0.0014070   0.2146861
1969.45  -0.0012908   0.2148532
1969.50  -0.0011733   0.2150223
1969.55  -0.0010547   0.2151933
1969.60  -0.0009349   0.2153661
1969.65  -0.0008141   0.2155407
1969.70  -0.0006921   0.2157171
1969.75  -0.0005690   0.2158953
1969.80  -0.0004448   0.2160752
1969.85  -0.0003196   0.2162568
1969.90  -0.0001933   0.2164400
1969.95  -0.0000659   0.2166250
1970.00   0.0000624   0.2168115
1970.05   0.0001917   0.2169996
1970.10   0.0003220   0.2171894
1970.15   0.0004533   0.2173807
1970.20   0.0005855   0.2175735
1970.25   0.0007186   0.2177678
1970.30   0.0008527   0.2179636
1970.35   0.0009876   0.2181609
1970.40   0.0011234   0.2183597
1970.45   0.0012601   0.2185598
1970.50   0.0013975   0.2187614
1970.55   0.0015358   0.2189644
1970.60   0.0016749   0.2191688
1970.65   0.0018148   0.2193746
1970.70   0.0019554   0.2195817
1970.75   0.0020967   0.2197901
1970.80   0.0022388   0.2199999
1970.85   0.0023815   0.2202109
1970.90   0.0025249   0.2204233
1970.95   0.0026690   0.2206369
1971.00   0.0028137   0.2208519
1971.05   0.0029590   0.2210680
1971.10   0.0031048   0.2212855
1971.15   0.0032513   0.2215041
1971.20   0.0033982   0.2217240
1971.25   0.0035457   0.2219452
1971.30   0.0036937   0.2221675
1971.35   0.0038422   0.2223910
1971.40   0.0039911   0.2226158
1971.45   0.0041404   0.2228417
1971.50   0.0042901   0.2230688
1971.55   0.0044402   0.2232971
1971.60   0.0045907   0.2235266
1971.65   0.0047415   0.2237572
1971.70   0.0048926   0.2239890
1971.75   0.0050439   0.2242219
1971.80   0.0051956   0.2244560
1971.85   0.0053474   0.2246913
1971.90   0.0054995   0.2249277
1971.95   0.0056517   0.2251652
1972.00   0.0058041   0.2254039
1972.05   0.0059567   0.2256436
1972.10   0.0061093   0.2258846
1972.15   0.0062621   0.2261266
1972.20   0.0064149   0.2263698
1972.25   0.0065677   0.2266141
1972.30   0.0067206   0.2268595
1972.35   0.0068734   0.2271061
1972.40   0.0070262   0.2273537
1972.45   0.0071789   0.2276025
1972.50   0.0073316   0.2278524
1972.55   0.0074841   0.2281033
1972.60   0.0076365   0.2283554
1972.65   0.0077888   0.2286087
1972.70   0.0079408   0.2288630
1972.75   0.0080927   0.2291184
1972.80   0.0082443   0.2293749
1972.85   0.0083957   0.2296325
1972.90   0.0085468   0.2298912
1972.95   0.0086976   0.2301510
1973.00   0.0088481   0.2304119
1973.05   0.0089983   0.2306739
1973.10   0.0091481   0.2309370
1973.15   0.0092975   0.2312012
1973.20   0.0094465   0.2314665
1973.25   0.0095951   0.2317328
1973.30   0.0097433   0.2320002
1973.35   0.0098910   0.2322687
1973.40   0.0100382   0.2325383
1973.45   0.0101849   0.2328089
1973.50   0.0103311   0.2330806
1973.55   0.0104768   0.2333533
1973.60   0.0106219   0.2336271
1973.65   0.0107664   0.2339020
1973.70   0.0109104   0.2341779
1973.75   0.0110537   0.2344548
1973.80   0.0111965   0.2347328
1973.85   0.0113386   0.2350118
1973.90   0.0114801   0.2352918
1973.95   0.0116209   0.2355728
1974.00   0.0117611   0.2358549
1974.05   0.0119005   0.2361379
1974.10   0.0120393   0.2364219
1974.15   0.0121774   0.2367069
1974.20   0.0123147   0.2369929
1974.25   0.0124514   0.2372799
1974.30   0.0125873   0.2375678
1974.35   0.0127225   0.2378566
1974.40   0.0128569   0.2381464
1974.45   0.0129906   0.2384371
1974.50   0.0131235   0.2387287
1974.55   0.0132556   0.2390212
1974.60   0.0133870   0.2393146
1974.65   0.0135176   0.2396088
1974.70   0.0136475   0.2399039
1974.75   0.0137765   0.2401999
1974.80   0.0139048   0.2404967
1974.85   0.0140323   0.2407943
1974.90   0.0141590   0.2410928
1974.95   0.0142849   0.2413920
1975.00   0.0144100   0.2416920
1975.05   0.0145344   0.2419927
1975.10   0.0146580   0.2422942
1975.15   0.0147808   0.2425964
1975.20   0.0149028   0.2428993
1975.25   0.0150241   0.2432029
1975.30   0.0151446   0.2435071
1975.35   0.0152643   0.2438120
1975.40   0.0153833   0.2441175
1975.45   0.0155016   0.2444237
1975.50   0.0156191   0.2447304
1975.55   0.0157359   0.2450377
1975.60   0.0158519   0.2453455
1975.65   0.0159673   0.2456539
1975.70   0.0160819   0.2459628
1975.75   0.0161959   0.2462721
1975.80   0.0163092   0.2465819
1975.85   0.0164218   0.2468922
1975.90   0.0165338   0.2472028
1975.95   0.0166451   0.2475139
1976.00   0.0167558   0.2478253
1976.05   0.0168658   0.2481371
1976.10   0.0169753   0.2484491
1976.15   0.0170842   0.2487615
1976.20   0.0171924   0.2490741
1976.25   0.0173002   0.2493870
1976.30   0.0174074   0.2497000
1976.35   0.0175141   0.2500133
1976.40   0.0176202   0.2503267
1976.45   0.0177259   0.2506403
1976.50   0.0178311   0.2509539
1976.55   0.0179358   0.2512676
1976.60   0.0180401   0.2515814
1976.65   0.0181440   0.2518952
1976.70   0.0182474   0.2522091
1976.75   0.0183505   0.2525228
1976.80   0.0184532   0.2528365
1976.85   0.0185556   0.2531502
1976.90   0.0186576   0.2534637
1976.95   0.0187593   0.2537770
1977.00   0.0188608   0.2540902
1977.05   0.0189619   0.2544032
1977.10   0.0190628   0.2547159
1977.15   0.0191635   0.2550284
1977.20   0.0192640   0.2553406
1977.25   0.0193643   0.2556524
1977.30   0.0194644   0.2559639
1977.35   0.0195644   0.2562751
1977.40   0.0196642   0.2565858
1977.45   0.0197639   0.2568960
1977.50   0.0198635   0.2572058
1977.55   0.0199631   0.2575151
1977.60   0.0200626   0.2578239
1977.65   0.0201620   0.2581321
1977.70   0.0202615   0.2584397
1977.75   0.0203609   0.2587467
1977.80   0.0204604   0.2590530
1977.85   0.0205600   0.2593587
1977.90   0.0206595   0.2596636
1977.95   0.0207592   0.2599679
1978.00   0.0208590   0.2602713
1978.05   0.0209589   0.2605740
1978.10   0.0210589   0.2608758
1978.15   0.0211590   0.2611768
1978.20   0.0212594   0.2614769
1978.25   0.0213599   0.2617760
1978.30   0.0214606   0.2620743
1978.35   0.0215616   0.2623716
1978.40   0.0216627   0.2626678
1978.45   0.0217642   0.2629631
1978.50   0.0218658   0.2632573
1978.55   0.0219678   0.2635504
1978.60   0.0220701   0.2638425
1978.65   0.0221726   0.2641334
1978.70   0.0222755   0.2644231
1978.75   0.0223787   0.2647117
1978.80   0.0224822   0.2649991
1978.85   0.0225861   0.2652852
1978.90   0.0226904   0.2655701
1978.95   0.0227950   0.2658537
1979.00   0.0229001   0.2661360
1979.05   0.0230055   0.2664170
1979.10   0.0231113   0.2666967
1979.15   0.0232176   0.2669749
1979.20   0.0233242   0.2672518
1979.25   0.0234313   0.2675273
1979.30   0.0235388   0.2678013
1979.35   0.0236468   0.2680739
1979.40   0.0237552   0.2683450
1979.45   0.0238641   0.2686146
1979.50   0.0239734   0.2688827
1979.55   0.0240832   0.2691493
1979.60   0.0241934   0.2694143
1979.65   0.0243042   0.2696778
1979.70   0.0244153   0.2699397
1979.75   0.0245270   0.2702000
1979.80   0.0246391   0.2704587
1979.85   0.0247517   0.2707157
1979.90   0.0248648   0.2709711
1979.95   0.0249784   0.2712249
1980.00   0.0250924   0.2714770
1980.05   0.0252069   0.2717275
1980.10   0.0253219   0.2719762
1980.15   0.0254373   0.2722233
1980.20   0.0255532   0.2724686
1980.25   0.0256695   0.2727123
1980.30   0.0257863   0.2729542
1980.35   0.0259036   0.2731944
1980.40   0.0260212   0.2734328
1980.45   0.0261394   0.2736696
1980.50   0.0262579   0.2739045
1980.55   0.0263769   0.2741378
1980.60   0.0264963   0.2743692
1980.65   0.0266160   0.2745990
1980.70   0.0267362   0.2748269
1980.75   0.0268568   0.2750532
1980.80   0.0269777   0.2752776
1980.85   0.0270990   0.2755003
1980.90   0.0272207   0.2757213
1980.95   0.0273427   0.2759405
1981.00   0.0274650   0.2761579
1981.05   0.0275877   0.2763736
1981.10   0.0277106   0.2765876
1981.15   0.0278339   0.2767999
1981.20   0.0279574   0.2770104
1981.25   0.0280812   0.2772192
1981.30   0.0282053   0.2774263
1981.35   0.0283296   0.2776317
1981.40   0.0284541   0.2778354
1981.45   0.0285788   0.2780375
1981.50   0.0287037   0.2782379
1981.55   0.0288287   0.2784366
1981.60   0.0289539   0.2786337
1981.65   0.0290793   0.2788292
1981.70   0.0292048   0.2790230
1981.75   0.0293304   0.2792153
1981.80   0.0294561   0.2794060
1981.85   0.0295818   0.2795952
1981.90   0.0297076   0.2797828
1981.95   0.0298334   0.2799689
1982.00   0.0299593   0.2801536
1982.05   0.0300851   0.2803367
1982.10   0.0302109   0.2805184
1982.15   0.0303367   0.2806987
1982.20   0.0304623   0.2808775
1982.25   0.0305880   0.2810550
1982.30   0.0307135   0.2812311
1982.35   0.0308389   0.2814059
1982.40   0.0309641   0.2815794
1982.45   0.0310892   0.2817516
1982.50   0.0312141   0.2819226
1982.55   0.0313388   0.2820924
1982.60   0.0314632   0.2822609
1982.65   0.0315874   0.2824283
1982.70   0.0317114   0.2825946
1982.75   0.0318351   0.2827598
1982.80   0.0319584   0.2829239
1982.85   0.0320815   0.2830869
1982.90   0.0322041   0.2832490
1982.95   0.0323265   0.2834101
1983.00   0.0324484   0.2835703
1983.05   0.0325699   0.2837295
1983.10   0.0326910   0.2838879
1983.15   0.0328117   0.2840455
1983.20   0.0329319   0.2842022
1983.25   0.0330516   0.2843582
1983.30   0.0331707   0.2845135
1983.35   0.0332894   0.2846681
1983.40   0.0334075   0.2848220
1983.45   0.0335251   0.2849753
1983.50   0.0336420   0.2851280
1983.55   0.0337584   0.2852802
1983.60   0.0338741   0.2854319
1983.65   0.0339892   0.2855831
1983.70   0.0341037   0.2857339
1983.75   0.0342174   0.2858843
1983.80   0.0343305   0.2860343
1983.85   0.0344429   0.2861840
1983.90   0.0345545   0.2863335
1983.95   0.0346654   0.2864827
1984.00   0.0347755   0.2866317
1984.05   0.0348849   0.2867805
1984.10   0.0349934   0.2869292
1984.15   0.0351011   0.2870779
1984.20   0.0352080   0.2872264
1984.25   0.0353141   0.2873750
1984.30   0.0354193   0.2875236
1984.35   0.0355236   0.2876722
1984.40   0.0356271   0.2878210
1984.45   0.0357296   0.2879698
1984.50   0.0358313   0.2881189
1984.55   0.0359320   0.2882682
1984.60   0.0360317   0.2884177
1984.65   0.0361306   0.2885675
1984.70   0.0362284   0.2887175
1984.75   0.0363253   0.2888680
1984.80   0.0364211   0.2890188
1984.85   0.0365160   0.2891701
1984.90   0.0366099   0.2893218
1984.95   0.0367027   0.2894740
1985.00   0.0367945   0.2896266
1985.05   0.0368853   0.2897799
1985.10   0.0369750   0.2899337
1985.15   0.0370637   0.2900881
1985.20   0.0371513   0.2902432
1985.25   0.0372378   0.2903989
1985.30   0.0373232   0.2905554
1985.35   0.0374075   0.2907125
1985.40   0.0374908   0.2908704
1985.45   0.0375729   0.2910291
1985.50   0.0376539   0.2911886
1985.55   0.0377338   0.2913489
1985.60   0.0378125   0.2915101
1985.65   0.0378902   0.2916722
1985.70   0.0379667   0.2918351
1985.75   0.0380420   0.2919990
1985.80   0.0381162   0.2921638
1985.85   0.0381893   0.2923296
1985.90   0.0382611   0.2924964
1985.95   0.0383319   0.2926641
1986.00   0.0384015   0.2928329
1986.05   0.0384699   0.2930028
1986.10   0.0385371   0.2931737
1986.15   0.0386032   0.2933456
1986.20   0.0386681   0.2935187
1986.25   0.0387319   0.2936928
1986.30   0.0387944   0.2938681
1986.35   0.0388558   0.2940444
1986.40   0.0389160   0.2942219
1986.45   0.0389751   0.2944006
1986.50   0.0390330   0.2945804
1986.55   0.0390897   0.2947614
1986.60   0.0391452   0.2949435
1986.65   0.0391995   0.2951268
1986.70   0.0392527   0.2953113
1986.75   0.0393047   0.2954970
1986.80   0.0393556   0.2956839
1986.85   0.0394052   0.2958719
1986.90   0.0394538   0.2960612
1986.95   0.0395011   0.2962516
1987.00   0.0395473   0.2964432
1987.05   0.0395923   0.2966361
1987.10   0.0396362   0.2968301
1987.15   0.0396789   0.2970253
1987.20   0.0397205   0.2972217
1987.25   0.0397610   0.2974193
1987.30   0.0398003   0.2976180
1987.35   0.0398384   0.2978179
1987.40   0.0398755   0.2980190
1987.45   0.0399114   0.2982212
1987.50   0.0399462   0.2984246
1987.55   0.0399798   0.2986291
1987.60   0.0400124   0.2988348
1987.65   0.0400439   0.2990415
1987.70   0.0400742   0.2992494
1987.75   0.0401035   0.2994583
1987.80   0.0401317   0.2996683
1987.85   0.0401588   0.2998794
1987.90   0.0401848   0.3000915
1987.95   0.0402097   0.3003047
1988.00   0.0402336   0.3005188
1988.05   0.0402564   0.3007340
1988.10   0.0402782   0.3009501
1988.15   0.0402989   0.3011672
1988.20   0.0403186   0.3013853
1988.25   0.0403373   0.3016042
1988.30   0.0403549   0.3018241
1988.35   0.0403715   0.3020448
1988.40   0.0403872   0.3022664
1988.45   0.0404018   0.3024889
1988.50   0.0404154   0.3027121
1988.55   0.0404281   0.3029361
1988.60   0.0404397   0.3031609
1988.65   0.0404504   0.3033865
1988.70   0.0404602   0.3036127
1988.75   0.0404690   0.3038397
1988.80   0.0404768   0.3040673
1988.85   0.0404837   0.3042955
1988.90   0.0404897   0.3045244
1988.95   0.0404948   0.3047538
1989.00   0.0404989   0.3049838
1989.05   0.0405022   0.3052143
1989.10   0.0405046   0.3054453
1989.15   0.0405061   0.3056768
1989.20   0.0405068   0.3059087
1989.25   0.0405065   0.3061411
1989.30   0.0405055   0.3063738
1989.35   0.0405036   0.3066069
1989.40   0.0405008   0.3068403
1989.45   0.0404973   0.3070739
1989.50   0.0404929   0.3073079
1989.55   0.0404877   0.3075421
1989.60   0.0404818   0.3077765
1989.65   0.0404751   0.3080110
1989.70   0.0404676   0.3082457
1989.75   0.0404594   0.3084805
1989.80   0.0404504   0.3087154
1989.85   0.0404407   0.3089503
1989.90   0.0404303   0.3091852
1989.95   0.0404191   0.3094201
1990.00   0.0404073   0.3096550
1990.05   0.0403948   0.3098898
1990.10   0.0403816   0.3101244
1990.15   0.0403678   0.3103589
1990.20   0.0403533   0.3105933
1990.25   0.0403382   0.3108274
1990.30   0.0403224   0.3110613
1990.35   0.0403061   0.3112949
1990.40   0.0402892   0.3115282
1990.45   0.0402716   0.3117612
1990.50   0.0402536   0.3119938
1990.55   0.0402349   0.3122260
1990.60   0.0402158   0.3124578
1990.65   0.0401961   0.3126891
1990.70   0.0401758   0.3129200
1990.75   0.0401551   0.3131503
1990.80   0.0401340   0.3133801
1990.85   0.0401123   0.3136093
1990.90   0.0400902   0.3138378
1990.95   0.0400677   0.3140658
1991.00   0.0400447   0.3142930
1991.05   0.0400213   0.3145196
1991.10   0.0399976   0.3147455
1991.15   0.0399734   0.3149706
1991.20   0.0399490   0.3151949
1991.25   0.0399241   0.3154184
1991.30   0.0398990   0.3156411
1991.35   0.0398735   0.3158629
1991.40   0.0398477   0.3160838
1991.45   0.0398217   0.3163038
1991.50   0.0397954   0.3165229
1991.55   0.0397688   0.3167410
1991.60   0.0397420   0.3169581
1991.65   0.0397151   0.3171741
1991.70   0.0396879   0.3173892
1991.75   0.0396605   0.3176032
1991.80   0.0396330   0.3178160
1991.85   0.0396054   0.3180278
1991.90   0.0395776   0.3182385
1991.95   0.0395497   0.3184480
1992.00   0.0395218   0.3186563
1992.05   0.0394938   0.3188634
1992.10   0.0394657   0.3190693
1992.15   0.0394376   0.3192739
1992.20   0.0394095   0.3194773
1992.25   0.0393813   0.3196795
1992.30   0.0393533   0.3198803
1992.35   0.0393252   0.3200798
1992.40   0.0392972   0.3202780
1992.45   0.0392693   0.3204748
1992.50   0.0392415   0.3206703
1992.55   0.0392138   0.3208644
1992.60   0.0391863   0.3210571
1992.65   0.0391589   0.3212484
1992.70   0.0391317   0.3214383
1992.75   0.0391047   0.3216267
1992.80   0.0390779   0.3218137
1992.85   0.0390513   0.3219992
1992.90   0.0390249   0.3221832
1992.95   0.0389989   0.3223658
1993.00   0.0389731   0.3225469
1993.05   0.0389476   0.3227264
1993.10   0.0389225   0.3229045
1993.15   0.0388977   0.3230810
1993.20   0.0388733   0.3232560
1993.25   0.0388492   0.3234294
1993.30   0.0388255   0.3236013
1993.35   0.0388023   0.3237717
1993.40   0.0387795   0.3239405
1993.45   0.0387572   0.3241077
1993.50   0.0387353   0.3242734
1993.55   0.0387139   0.3244375
1993.60   0.0386930   0.3246000
1993.65   0.0386727   0.3247609
1993.70   0.0386529   0.3249203
1993.75   0.0386336   0.3250781
1993.80   0.0386149   0.3252343
1993.85   0.0385969   0.3253889
1993.90   0.0385794   0.3255420
1993.95   0.0385626   0.3256934
1994.00   0.0385464   0.3258433
1994.05   0.0385308   0.3259916
1994.10   0.0385160   0.3261383
1994.15   0.0385018   0.3262835
1994.20   0.0384884   0.3264271
1994.25   0.0384756   0.3265691
1994.30   0.0384637   0.3267096
1994.35   0.0384524   0.3268486
1994.40   0.0384420   0.3269859
1994.45   0.0384323   0.3271218
1994.50   0.0384234   0.3272561
1994.55   0.0384153   0.3273889
1994.60   0.0384081   0.3275202
1994.65   0.0384017   0.3276500
1994.70   0.0383961   0.3277783
1994.75   0.0383914   0.3279051
1994.80   0.0383876   0.3280305
1994.85   0.0383847   0.3281544
1994.90   0.0383826   0.3282768
1994.95   0.0383815   0.3283978
1995.00   0.0383813   0.3285174
1995.05   0.0383821   0.3286355
1995.10   0.0383838   0.3287523
1995.15   0.0383864   0.3288677
1995.20   0.0383900   0.3289817
1995.25   0.0383946   0.3290944
1995.30   0.0384002   0.3292057
1995.35   0.0384067   0.3293157
1995.40   0.0384143   0.3294244
1995.45   0.0384229   0.3295318
1995.50   0.0384325   0.3296380
1995.55   0.0384431   0.3297429
1995.60   0.0384548   0.3298466
1995.65   0.0384674   0.3299490
1995.70   0.0384812   0.3300503
1995.75   0.0384960   0.3301504
1995.80   0.0385118   0.3302493
1995.85   0.0385287   0.3303471
1995.90   0.0385467   0.3304438
1995.95   0.0385658   0.3305394
1996.00   0.0385859   0.3306339
1996.05   0.0386071   0.3307274
1996.10   0.0386294   0.3308198
1996.15   0.0386528   0.3309112
1996.20   0.0386773   0.3310016
1996.25   0.0387029   0.3310911
1996.30   0.0387296   0.3311796
1996.35   0.0387573   0.3312672
1996.40   0.0387862   0.3313540
1996.45   0.0388162   0.3314398
1996.50   0.0388473   0.3315248
1996.55   0.0388794   0.3316089
1996.60   0.0389127   0.3316923
1996.65   0.0389471   0.3317748
1996.70   0.0389826   0.3318567
1996.75   0.0390192   0.3319377
1996.80   0.0390569   0.3320181
1996.85   0.0390956   0.3320978
1996.90   0.0391355   0.3321768
1996.95   0.0391765   0.3322552
1997.00   0.0392186   0.3323330
1997.05   0.0392617   0.3324102
1997.10   0.0393060   0.3324868
1997.15   0.0393513   0.3325629
1997.20   0.0393977   0.3326384
1997.25   0.0394452   0.3327135
1997.30   0.0394938   0.3327881
1997.35   0.0395434   0.3328623
1997.40   0.0395941   0.3329360
1997.45   0.0396459   0.3330093
1997.50   0.0396987   0.3330823
1997.55   0.0397526   0.3331549
1997.60   0.0398074   0.3332272
1997.65   0.0398634   0.3332992
1997.70   0.0399204   0.3333709
1997.75   0.0399783   0.3334423
1997.80   0.0400374   0.3335135
1997.85   0.0400974   0.3335845
1997.90   0.0401584   0.3336553
1997.95   0.0402204   0.3337259
1998.00   0.0402834   0.3337964
1998.05   0.0403474   0.3338667
1998.10   0.0404124   0.3339370
1998.15   0.0404784   0.3340071
1998.20   0.0405453   0.3340772
1998.25   0.0406131   0.3341473
1998.30   0.0406819   0.3342173
1998.35   0.0407516   0.3342873
1998.40   0.0408223   0.3343573
1998.45   0.0408939   0.3344273
1998.50   0.0409664   0.3344974
1998.55   0.0410398   0.3345676
1998.60   0.0411141   0.3346379
1998.65   0.0411893   0.3347082
1998.70   0.0412653   0.3347787
1998.75   0.0413422   0.3348493
1998.80   0.0414200   0.3349200
1998.85   0.0414987   0.3349909
1998.90   0.0415782   0.3350620
1998.95   0.0416585   0.3351333
1999.00   0.0417396   0.3352048
1999.05   0.0418216   0.3352765
1999.10   0.0419043   0.3353485
1999.15   0.0419879   0.3354207
1999.20   0.0420723   0.3354931
1999.25   0.0421574   0.3355658
1999.30   0.0422433   0.3356388
1999.35   0.0423300   0.3357121
1999.40   0.0424174   0.3357857
1999.45   0.0425056   0.3358596
1999.50   0.0425946   0.3359338
1999.55   0.0426843   0.3360083
1999.60   0.0427747   0.3360832
1999.65   0.0428658   0.3361584
1999.70   0.0429576   0.3362339
1999.75   0.0430502   0.3363098
1999.80   0.0431434   0.3363861
1999.85   0.0432373   0.3364627
1999.90   0.0433320   0.3365396
1999.95   0.0434273   0.3366170
2000.00   0.0435232   0.3366947
2000.05   0.0436199   0.3367728
2000.10   0.0437172   0.3368512
2000.15   0.0438152   0.3369300
2000.20   0.0439138   0.3370092
2000.25   0.0440131   0.3370888
2000.30   0.0441130   0.3371687
2000.35   0.0442135   0.3372490
2000.40   0.0443147   0.3373297
2000.45   0.0444166   0.3374107
2000.50   0.0445190   0.3374921
2000.55   0.0446221   0.3375739
2000.60   0.0447258   0.3376560
2000.65   0.0448301   0.3377384
2000.70   0.0449351   0.3378212
2000.75   0.0450406   0.3379043
2000.80   0.0451468   0.3379878
2000.85   0.0452536   0.3380716
2000.90   0.0453610   0.3381556
2000.95   0.0454690   0.3382400
2001.00   0.0455776   0.3383247
2001.05   0.0456869   0.3384096
2001.10   0.0457968   0.3384949
2001.15   0.0459072   0.3385803
2001.20   0.0460184   0.3386661
2001.25   0.0461301   0.3387520
2001.30   0.0462424   0.3388382
2001.35   0.0463554   0.3389246
2001.40   0.0464690   0.3390112
2001.45   0.0465832   0.3390980
2001.50   0.0466981   0.3391850
2001.55   0.0468136   0.3392721
2001.60   0.0469298   0.3393593
2001.65   0.0470466   0.3394467
2001.70   0.0471640   0.3395341
2001.75   0.0472821   0.3396217
2001.80   0.0474009   0.3397093
2001.85   0.0475204   0.3397970
2001.90   0.0476405   0.3398847
2001.95   0.0477614   0.3399724
2002.00   0.0478829   0.3400601
2002.05   0.0480051   0.3401478
2002.10   0.0481280   0.3402355
2002.15   0.0482517   0.3403230
2002.20   0.0483760   0.3404106
2002.25   0.0485012   0.3404980
2002.30   0.0486270   0.3405852
2002.35   0.0487536   0.3406724
2002.40   0.0488810   0.3407593
2002.45   0.0490092   0.3408461
2002.50   0.0491381   0.3409327
2002.55   0.0492678   0.3410190
2002.60   0.0493984   0.3411051
2002.65   0.0495297   0.3411909
2002.70   0.0496619   0.3412765
2002.75   0.0497949   0.3413616
2002.80   0.0499288   0.3414465
2002.85   0.0500636   0.3415310
2002.90   0.0501992   0.3416151
2002.95   0.0503357   0.3416988
2003.00   0.0504731   0.3417820
2003.05   0.0506114   0.3418648
2003.10   0.0507507   0.3419472
2003.15   0.0508909   0.3420290
2003.20   0.0510320   0.3421103
2003.25   0.0511741   0.3421910
2003.30   0.0513172   0.3422712
2003.35   0.0514613   0.3423508
2003.40   0.0516064   0.3424298
2003.45   0.0517525   0.3425081
2003.50   0.0518996   0.3425858
2003.55   0.0520478   0.3426628
2003.60   0.0521970   0.3427391
2003.65   0.0523473   0.3428147
2003.70   0.0524987   0.3428895
2003.75   0.0526511   0.3429636
2003.80   0.0528047   0.3430369
2003.85   0.0529594   0.3431094
2003.90   0.0531152   0.3431811
2003.95   0.0532722   0.3432519
2004.00   0.0534303   0.3433219
2004.05   0.0535896   0.3433910
2004.10   0.0537501   0.3434592
2004.15   0.0539118   0.3435265
2004.20   0.0540746   0.3435928
2004.25   0.0542387   0.3436582
2004.30   0.0544040   0.3437227
2004.35   0.0545706   0.3437861
2004.40   0.0547383   0.3438486
2004.45   0.0549073   0.3439100
2004.50   0.0550776   0.3439705
2004.55   0.0552492   0.3440299
2004.60   0.0554220   0.3440882
2004.65   0.0555961   0.3441455
2004.70   0.0557715   0.3442017
2004.75   0.0559483   0.3442568
2004.80   0.0561263   0.3443108
2004.85   0.0563056   0.3443637
2004.90   0.0564863   0.3444155
2004.95   0.0566682   0.3444662
2005.00   0.0568515   0.3445157
2005.05   0.0570362   0.3445641
2005.10   0.0572222   0.3446114
2005.15   0.0574095   0.3446575
2005.20   0.0575981   0.3447024
2005.25   0.0577881   0.3447462
2005.30   0.0579795   0.3447889
2005.35   0.0581722   0.3448303
2005.40   0.0583663   0.3448706
2005.45   0.0585616   0.3449097
2005.50   0.0587584   0.3449477
2005.55   0.0589565   0.3449845
2005.60   0.0591559   0.3450201
2005.65   0.0593567   0.3450546
2005.70   0.0595588   0.3450879
2005.75   0.0597623   0.3451200
2005.80   0.0599671   0.3451510
2005.85   0.0601732   0.3451808
2005.90   0.0603806   0.3452095
2005.95   0.0605894   0.3452370
2006.00   0.0607994   0.3452635
2006.05   0.0610108   0.3452888
2006.10   0.0612234   0.3453130
2006.15   0.0614374   0.3453361
2006.20   0.0616526   0.3453581
2006.25   0.0618690   0.3453790
2006.30   0.0620867   0.3453989
2006.35   0.0623057   0.3454177
2006.40   0.0625259   0.3454355
2006.45   0.0627473   0.3454522
2006.50   0.0629699   0.3454680
2006.55   0.0631937   0.3454828
2006.60   0.0634187   0.3454965
2006.65   0.0636448   0.3455094
2006.70   0.0638721   0.3455213
2006.75   0.0641005   0.3455323
2006.80   0.0643301   0.3455424
2006.85   0.0645607   0.3455516
2006.90   0.0647924   0.3455600
2006.95   0.0650252   0.3455675
2007.00   0.0652590   0.3455742
2007.05   0.0654938   0.3455802
2007.10   0.0657297   0.3455853
2007.15   0.0659665   0.3455898
2007.20   0.0662043   0.3455935
2007.25   0.0664430   0.3455966
2007.30   0.0666827   0.3455990
2007.35   0.0669233   0.3456008
2007.40   0.0671647   0.3456019
2007.45   0.0674070   0.3456025
2007.50   0.0676501   0.3456026
2007.55   0.0678941   0.3456021
2007.60   0.0681388   0.3456011
2007.65   0.0683843   0.3455997
2007.70   0.0686305   0.3455979
2007.75   0.0688775   0.3455957
2007.80   0.0691251   0.3455931
2007.85   0.0693734   0.3455901
2007.90   0.0696224   0.3455869
2007.95   0.0698720   0.3455834
2008.00   0.0701221   0.3455797
2008.05   0.0703729   0.3455757
2008.10   0.0706241   0.3455716
2008.15   0.0708759   0.3455674
2008.20   0.0711282   0.3455630
2008.25   0.0713810   0.3455586
2008.30   0.0716341   0.3455542
2008.35   0.0718877   0.3455497
2008.40   0.0721417   0.3455453
2008.45   0.0723961   0.3455409
2008.50   0.0726508   0.3455366
2008.55   0.0729058   0.3455325
2008.60   0.0731611   0.3455285
2008.65   0.0734166   0.3455247
2008.70   0.0736724   0.3455212
2008.75   0.0739284   0.3455179
2008.80   0.0741846   0.3455149
2008.85   0.0744409   0.3455123
2008.90   0.0746974   0.3455100
2008.95   0.0749540   0.3455081
2009.00   0.0752107   0.3455066
2009.05   0.0754675   0.3455056
2009.10   0.0757243   0.3455051
2009.15   0.0759811   0.3455051
2009.20   0.0762379   0.3455056
2009.25   0.0764947   0.3455068
2009.30   0.0767515   0.3455085
2009.35   0.0770081   0.3455109
2009.40   0.0772647   0.3455140
2009.45   0.0775212   0.3455177
2009.50   0.0777775   0.3455222
2009.55   0.0780337   0.3455275
2009.60   0.0782898   0.3455335
2009.65   0.0785456   0.3455404
2009.70   0.0788012   0.3455480
2009.75   0.0790566   0.3455566
2009.80   0.0793118   0.3455660
2009.85   0.0795666   0.3455763
2009.90   0.0798212   0.3455876
2009.95   0.0800756   0.3455998
2010.00   0.0803296   0.3456130
2010.05   0.0805832   0.3456272
2010.10   0.0808366   0.3456424
2010.15   0.0810896   0.3456586
2010.20   0.0813422   0.3456759
2010.25   0.0815944   0.3456943
2010.30   0.0818462   0.3457137
2010.35   0.0820977   0.3457343
2010.40   0.0823487   0.3457559
2010.45   0.0825993   0.3457787
2010.50   0.0828494   0.3458027
2010.55   0.0830991   0.3458278
2010.60   0.0833483   0.3458541
2010.65   0.0835971   0.3458815
2010.70   0.0838454   0.3459101
2010.75   0.0840932   0.3459400
2010.80   0.0843406   0.3459710
2010.85   0.0845874   0.3460033
2010.90   0.0848337   0.3460367
2010.95   0.0850796   0.3460714
2011.00   0.0853249   0.3461073
2011.05   0.0855697   0.3461445
2011.10   0.0858140   0.3461829
2011.15   0.0860578   0.3462225
2011.20   0.0863010   0.3462633
2011.25   0.0865438   0.3463053
2011.30   0.0867860   0.3463486
2011.35   0.0870277   0.3463931
2011.40   0.0872688   0.3464388
2011.45   0.0875095   0.3464858
2011.50   0.0877496   0.3465339
2011.55   0.0879891   0.3465833
2011.60   0.0882282   0.3466338
2011.65   0.0884667   0.3466855
2011.70   0.0887048   0.3467384
2011.75   0.0889423   0.3467924
2011.80   0.0891793   0.3468476
2011.85   0.0894158   0.3469039
2011.90   0.0896517   0.3469614
2011.95   0.0898872   0.3470200
2012.00   0.0901222   0.3470796
2012.05   0.0903567   0.3471403
2012.10   0.0905908   0.3472021
2012.15   0.0908243   0.3472650
2012.20   0.0910574   0.3473288
2012.25   0.0912900   0.3473937
2012.30   0.0915222   0.3474595
2012.35   0.0917539   0.3475263
2012.40   0.0919851   0.3475940
2012.45   0.0922160   0.3476627
2012.50   0.0924464   0.3477323
2012.55   0.0926764   0.3478027
2012.60   0.0929059   0.3478740
2012.65   0.0931351   0.3479460
2012.70   0.0933639   0.3480189
2012.75   0.0935923   0.3480926
2012.80   0.0938203   0.3481670
2012.85   0.0940480   0.3482421
2012.90   0.0942753   0.3483179
2012.95   0.0945022   0.3483944
2013.00   0.0947288   0.3484715
2013.05   0.0949551   0.3485492
2013.10   0.0951811   0.3486275
2013.15   0.0954067   0.3487063
2013.20   0.0956320   0.3487856
2013.25   0.0958571   0.3488654
2013.30   0.0960819   0.3489457
2013.35   0.0963064   0.3490264
2013.40   0.0965306   0.3491074
2013.45   0.0967546   0.3491889
2013.50   0.0969783   0.3492706
2013.55   0.0972018   0.3493527
2013.60   0.0974251   0.3494350
2013.65   0.0976481   0.3495176
2013.70   0.0978709   0.3496003
2013.75   0.0980936   0.3496833
2013.80   0.0983160   0.3497663
2013.85   0.0985382   0.3498495
2013.90   0.0987603   0.3499328
2013.95   0.0989822   0.3500160
2014.00   0.0992039   0.3500993
2014.05   0.0994255   0.3501826
2014.10   0.0996469   0.3502658
2014.15   0.0998682   0.3503490
2014.20   0.1000893   0.3504320
2014.25   0.1003103   0.3505149
2014.30   0.1005312   0.3505976
2014.35   0.1007520   0.3506801
2014.40   0.1009726   0.3507624
2014.45   0.1011932   0.3508444
2014.50   0.1014136   0.3509261
2014.55   0.1016339   0.3510075
2014.60   0.1018542   0.3510886
2014.65   0.1020743   0.3511692
2014.70   0.1022944   0.3512495
2014.75   0.1025143   0.3513294
2014.80   0.1027342   0.3514088
2014.85   0.1029540   0.3514877
2014.90   0.1031737   0.3515661
2014.95   0.1033933   0.3516439
2015.00   0.1036129   0.3517213
2015.05   0.1038324   0.3517980
2015.10   0.1040518   0.3518741
2015.15   0.1042711   0.3519497
2015.20   0.1044903   0.3520245
2015.25   0.1047094   0.3520988
2015.30   0.1049285   0.3521723
2015.35   0.1051475   0.3522451
2015.40   0.1053664   0.3523172
2015.45   0.1055852   0.3523886
2015.50   0.1058039   0.3524592
2015.55   0.1060225   0.3525290
2015.60   0.1062410   0.3525981
2015.65   0.1064595   0.3526663
2015.70   0.1066778   0.3527337
2015.75   0.1068959   0.3528003
2015.80   0.1071140   0.3528661
2015.85   0.1073319   0.3529309
2015.90   0.1075497   0.3529949
2015.95   0.1077674   0.3530581
2016.00   0.1079849   0.3531203
2016.05   0.1082022   0.3531817
2016.10   0.1084194   0.3532421
2016.15   0.1086364   0.3533016
2016.20   0.1088532   0.3533602
2016.25   0.1090698   0.3534179
2016.30   0.1092863   0.3534746
2016.35   0.1095025   0.3535304
2016.40   0.1097185   0.3535853
2016.45   0.1099342   0.3536392
2016.50   0.1101497   0.3536922
2016.55   0.1103650   0.3537442
2016.60   0.1105799   0.3537952
2016.65   0.1107946   0.3538454
2016.70   0.1110090   0.3538945
2016.75   0.1112231   0.3539428
2016.80   0.1114369   0.3539900
2016.85   0.1116503   0.3540364
2016.90   0.1118634   0.3540817
2016.95   0.1120761   0.3541262
2017.00   0.1122884   0.3541697
2017.05   0.1125004   0.3542123
2017.10   0.1127119   0.3542540
2017.15   0.1129230   0.3542947
2017.20   0.1131336   0.3543346
2017.25   0.1133439   0.3543735
2017.30   0.1135536   0.3544116
2017.35   0.1137628   0.3544488
2017.40   0.1139716   0.3544851
2017.45   0.1141798   0.3545205
2017.50   0.1143874   0.3545551
2017.55   0.1145945   0.3545888
2017.60   0.1148011   0.3546217
2017.65   0.1150070   0.3546538
2017.70   0.1152124   0.3546851
2017.75   0.1154171   0.3547155
2017.80   0.1156211   0.3547452
2017.85   0.1158245   0.3547742
2017.90   0.1160272   0.3548023
2017.95   0.1162292   0.3548297
2018.00   0.1164305   0.3548564
2018.05   0.1166311   0.3548824
2018.10   0.1168309   0.3549076
2018.15   0.1170299   0.3549322
2018.20   0.1172281   0.3549561
2018.25   0.1174255   0.3549794
2018.30   0.1176221   0.3550020
2018.35   0.1178179   0.3550240
2018.40   0.1180127   0.3550454
2018.45   0.1182067   0.3550662
2018.50   0.1183998   0.3550864
2018.55   0.1185920   0.3551061
2018.60   0.1187832   0.3551252
2018.65   0.1189734   0.3551438
2018.70   0.1191627   0.3551619
2018.75   0.1193510   0.3551795
2018.80   0.1195383   0.3551967
2018.85   0.1197245   0.3552133
2018.90   0.1199097   0.3552296
2018.95   0.1200938   0.3552454
2019.00   0.1202769   0.3552608
2019.05   0.1204588   0.3552758
2019.10   0.1206397   0.3552905
2019.15   0.1208194   0.3553048
2019.20   0.1209979   0.3553188
2019.25   0.1211753   0.3553325
2019.30   0.1213515   0.3553458
2019.35   0.1215265   0.3553589
2019.40   0.1217002   0.3553717
2019.45   0.1218728   0.3553843
2019.50   0.1220441   0.3553966
2019.55   0.1222141   0.3554087
2019.60   0.1223829   0.3554206
2019.65   0.1225504   0.3554323
2019.70   0.1227165   0.3554439
2019.75   0.1228814   0.3554553
2019.80   0.1230449   0.3554665
2019.85   0.1232071   0.3554776
2019.90   0.1233679   0.3554887
2019.95   0.1235274   0.3554996
2020.00   0.1236854   0.3555105
2020.05   0.1238421   0.3555213
2020.10   0.1239974   0.3555320
2020.15   0.1241512   0.3555428
2020.20   0.1243036   0.3555535
2020.25   0.1244546   0.3555641
2020.30   0.1246042   0.3555749
2020.35   0.1247523   0.3555856
2020.40   0.1248989   0.3555963
2020.45   0.1250440   0.3556071
2020.50   0.1251877   0.3556180
2020.55   0.1253298   0.3556289
2020.60   0.1254705   0.3556399
2020.65   0.1256096   0.3556511
2020.70   0.1257473   0.3556623
2020.75   0.1258834   0.3556736
2020.80   0.1260179   0.3556851
2020.85   0.1261510   0.3556967
2020.90   0.1262825   0.3557084
2020.95   0.1264125   0.3557203
2021.00   0.1265409   0.3557324
2021.05   0.1266677   0.3557447
2021.10   0.1267930   0.3557571
2021.15   0.1269167   0.3557698
2021.20   0.1270389   0.3557826
2021.25   0.1271595   0.3557957
2021.30   0.1272785   0.3558090
2021.35   0.1273959   0.3558225
2021.40   0.1275118   0.3558363
2021.45   0.1276261   0.3558503
2021.50   0.1277388   0.3558645
2021.55   0.1278499   0.3558790
2021.60   0.1279595   0.3558938
2021.65   0.1280675   0.3559089
2021.70   0.1281739   0.3559242
2021.75   0.1282787   0.3559398
2021.80   0.1283819   0.3559557
2021.85   0.1284836   0.3559719
2021.90   0.1285836   0.3559884
2021.95   0.1286821   0.3560052
2022.00   0.1287791   0.3560223
2022.05   0.1288745   0.3560397
2022.10   0.1289683   0.3560575
2022.15   0.1290605   0.3560756
2022.20   0.1291512   0.3560940
2022.25   0.1292403   0.3561127
2022.30   0.1293279   0.3561317
2022.35   0.1294139   0.3561511
2022.40   0.1294984   0.3561708
2022.45   0.1295814   0.3561909
2022.50   0.1296628   0.3562113
2022.55   0.1297427   0.3562321
2022.60   0.1298211   0.3562532
2022.65   0.1298980   0.3562746
2022.70   0.1299734   0.3562964
2022.75   0.1300472   0.3563186
2022.80   0.1301196   0.3563411
2022.85   0.1301905   0.3563640
2022.90   0.1302599   0.3563872
2022.95   0.1303279   0.3564108
2023.00   0.1303944   0.3564347
2023.05   0.1304594   0.3564590
2023.10   0.1305230   0.3564837
2023.15   0.1305852   0.3565087
2023.20   0.1306459   0.3565340
2023.25   0.1307052   0.3565598
2023.30   0.1307631   0.3565858
2023.35   0.1308196   0.3566123
2023.40   0.1308747   0.3566391
2023.45   0.1309284   0.3566662
2023.50   0.1309808   0.3566937
2023.55   0.1310318   0.3567216
2023.60   0.1310814   0.3567498
2023.65   0.1311297   0.3567784
2023.70   0.1311767   0.3568073
2023.75   0.1312223   0.3568366
2023.80   0.1312666   0.3568662
2023.85   0.1313097   0.3568961
2023.90   0.1313514   0.3569264
2023.95   0.1313919   0.3569571
2024.00   0.1314311   0.3569881
2024.05   0.1314690   0.3570194
2024.10   0.1315057   0.3570511
2024.15   0.1315412   0.3570831
2024.20   0.1315754   0.3571154
2024.25   0.1316084   0.3571481
2024.30   0.1316402   0.3571811
2024.35   0.1316709   0.3572144
2024.40   0.1317003   0.3572480
2024.45   0.1317286   0.3572820
2024.50   0.1317558   0.3573163
2024.55   0.1317817   0.3573508
2024.60   0.1318066   0.3573858
2024.65   0.1318304   0.3574210
2024.70   0.1318530   0.3574565
2024.75   0.1318745   0.3574923
2024.80   0.1318950   0.3575284
2024.85   0.1319144   0.3575649
2024.90   0.1319327   0.3576016
2024.95   0.1319500   0.3576386
2025.00   0.1319662   0.3576759
2025.05   0.1319814   0.3577135
2025.10   0.1319956   0.3577513
2025.15   0.1320088   0.3577895
2025.20   0.1320210   0.3578279
2025.25   0.1320323   0.3578666
2025.30   0.1320425   0.3579056
2025.35   0.1320518   0.3579448
2025.40   0.1320602   0.3579843
