'RED-616   '
616
  2.00000E7, 1.99526E7, 1.90546E7, 1.81970E7, 1.73780E7, 1.65959E7, 1.58489E7, 1.51356E7, 1.44544E7, 1.38038E7, 
  1.31826E7, 1.25892E7, 1.20226E7, 1.14815E7, 1.09648E7, 1.04713E7, 1.00000E7, 9.54993E6, 9.12011E6, 8.70964E6, 
  8.31764E6, 7.94328E6, 7.58578E6, 7.24436E6, 6.91831E6, 6.60693E6, 6.30957E6, 6.02560E6, 5.75440E6, 5.49541E6, 
  5.24808E6, 5.01187E6, 4.78630E6, 4.57088E6, 4.36516E6, 4.16869E6, 3.98107E6, 3.80189E6, 3.63078E6, 3.46737E6, 
  3.31131E6, 3.16228E6, 3.01995E6, 2.88403E6, 2.75423E6, 2.63027E6, 2.51189E6, 2.39883E6, 2.29087E6, 2.18776E6, 
  2.08930E6, 1.99526E6, 1.90546E6, 1.81970E6, 1.73780E6, 1.65959E6, 1.58489E6, 1.51356E6, 1.44544E6, 1.38038E6, 
  1.31826E6, 1.25892E6, 1.20226E6, 1.14815E6, 1.09648E6, 1.04713E6, 1.00000E6, 9.54993E5, 9.12011E5, 8.70964E5, 
  8.31764E5, 7.94328E5, 7.58578E5, 7.24436E5, 6.91831E5, 6.60693E5, 6.30957E5, 6.02560E5, 5.75440E5, 5.49541E5, 
  5.24808E5, 5.01187E5, 4.78630E5, 4.57088E5, 4.36516E5, 4.16869E5, 3.98107E5, 3.80189E5, 3.63078E5, 3.46737E5, 
  3.31131E5, 3.16228E5, 3.01995E5, 2.88403E5, 2.75423E5, 2.63027E5, 2.51189E5, 2.39883E5, 2.29087E5, 2.18776E5, 
  2.08930E5, 1.99526E5, 1.90546E5, 1.81970E5, 1.73780E5, 1.65959E5, 1.58489E5, 1.51356E5, 1.44544E5, 1.38038E5, 
  1.31826E5, 1.25892E5, 1.20226E5, 1.14815E5, 1.09648E5, 1.04713E5, 1.00000E5, 9.54993E4, 9.12011E4, 8.70964E4, 
  8.31764E4, 7.94328E4, 7.58578E4, 7.24436E4, 6.91831E4, 6.60693E4, 6.30957E4, 6.02560E4, 5.75440E4, 5.49541E4, 
  5.24808E4, 5.01187E4, 4.78630E4, 4.57088E4, 4.36516E4, 4.16869E4, 3.98107E4, 3.80189E4, 3.63078E4, 3.46737E4, 
  3.31131E4, 3.16228E4, 3.01995E4, 2.88403E4, 2.75423E4, 2.63027E4, 2.51189E4, 2.39883E4, 2.29087E4, 2.18776E4, 
  2.08930E4, 1.99526E4, 1.90546E4, 1.81970E4, 1.73780E4, 1.65959E4, 1.58489E4, 1.51356E4, 1.44544E4, 1.38038E4, 
  1.31826E4, 1.25892E4, 1.20226E4, 1.14815E4, 1.09648E4, 1.04713E4, 1.00000E4, 9.54993E3, 9.12011E3, 8.70964E3, 
  8.31764E3, 7.94328E3, 7.58578E3, 7.24436E3, 6.91831E3, 6.60693E3, 6.30957E3, 6.02560E3, 5.75440E3, 5.49541E3, 
  5.24808E3, 5.01187E3, 4.78630E3, 4.57088E3, 4.36516E3, 4.16869E3, 3.98107E3, 3.80189E3, 3.63078E3, 3.46737E3, 
  3.31131E3, 3.16228E3, 3.01995E3, 2.88403E3, 2.75423E3, 2.63027E3, 2.51189E3, 2.39883E3, 2.29087E3, 2.18776E3, 
  2.08930E3, 1.99526E3, 1.90546E3, 1.81970E3, 1.73780E3, 1.65959E3, 1.58489E3, 1.51356E3, 1.44544E3, 1.38038E3, 
  1.31826E3, 1.25893E3, 1.20226E3, 1.14815E3, 1.09648E3, 1.04713E3, 1.00000E3, 9.54993E2, 9.12011E2, 8.70964E2, 
  8.31764E2, 7.94328E2, 7.58578E2, 7.24436E2, 6.91831E2, 6.60693E2, 6.30957E2, 6.02560E2, 5.75440E2, 5.49541E2, 
  5.24807E2, 5.01187E2, 4.78630E2, 4.57088E2, 4.36516E2, 4.16869E2, 3.98107E2, 3.80189E2, 3.63078E2, 3.46737E2, 
  3.31131E2, 3.16228E2, 3.01995E2, 2.88403E2, 2.75423E2, 2.63027E2, 2.51189E2, 2.39883E2, 2.29087E2, 2.18776E2, 
  2.08930E2, 1.99526E2, 1.90546E2, 1.81970E2, 1.73780E2, 1.65959E2, 1.58489E2, 1.51356E2, 1.44544E2, 1.38038E2, 
  1.31826E2, 1.25893E2, 1.20226E2, 1.14815E2, 1.09648E2, 1.04713E2, 1.00000E2, 9.54993E1, 9.12011E1, 8.70964E1, 
  8.31764E1, 7.94328E1, 7.58578E1, 7.24436E1, 6.91831E1, 6.60693E1, 6.30957E1, 6.02560E1, 5.75440E1, 5.49541E1, 
  5.24808E1, 5.01187E1, 4.78630E1, 4.57088E1, 4.36516E1, 4.16869E1, 3.98107E1, 3.80189E1, 3.63078E1, 3.46737E1, 
  3.31131E1, 3.16228E1, 3.01995E1, 2.88403E1, 2.75423E1, 2.63027E1, 2.51189E1, 2.39883E1, 2.29087E1, 2.18776E1,
  2.08930E1, 1.99526E1, 1.90546E1, 1.81970E1, 1.73780E1, 1.65959E1, 1.58489E1, 1.51356E1, 1.44544E1, 1.38038E1, 
  1.31826E1, 1.25892E1, 1.20226E1, 1.14815E1, 1.09648E1, 1.04713E1, 1.00000E1, 9.54993E0, 9.12011E0, 8.70964E0, 
  8.31764E0, 7.94328E0, 7.58578E0, 7.24436E0, 6.91831E0, 6.60693E0, 6.30957E0, 6.02560E0, 5.75440E0, 5.49541E0, 
  5.24808E0, 5.01187E0, 4.78630E0, 4.57088E0, 4.36516E0, 4.16869E0, 3.98107E0, 3.80189E0, 3.63078E0, 3.46737E0, 
  3.31131E0, 3.16228E0, 3.01995E0, 2.88403E0, 2.75423E0, 2.63027E0, 2.51189E0, 2.39883E0, 2.29087E0, 2.18776E0, 
  2.08930E0, 1.99526E0, 1.90546E0, 1.81970E0, 1.73780E0, 1.65959E0, 1.58489E0, 1.51356E0, 1.44544E0, 1.38038E0, 
  1.31826E0, 1.25892E0, 1.20226E0, 1.14815E0, 1.09648E0, 1.04713E0, 1.00000E0,9.54993E-1,9.12011E-1,8.70964E-1, 
 8.31764E-1,7.94328E-1,7.58578E-1,7.24436E-1,6.91831E-1,6.60693E-1,6.30957E-1,6.02560E-1,5.75440E-1,5.49541E-1, 
 5.24808E-1,5.01187E-1,4.78630E-1,4.57088E-1,4.36516E-1,4.16869E-1,3.98107E-1,3.80189E-1,3.63078E-1,3.46737E-1, 
 3.31131E-1,3.16228E-1,3.01995E-1,2.88403E-1,2.75423E-1,2.63027E-1,2.51189E-1,2.39883E-1,2.29087E-1,2.18776E-1, 
 2.08930E-1,1.99526E-1,1.90546E-1,1.81970E-1,1.73780E-1,1.65959E-1,1.58489E-1,1.51356E-1,1.44544E-1,1.38038E-1, 
 1.31826E-1,1.25893E-1,1.20226E-1,1.14815E-1,1.09648E-1,1.04713E-1,1.00000E-1,9.54993E-2,9.12011E-2,8.70964E-2, 
 8.31764E-2,7.94328E-2,7.58578E-2,7.24436E-2,6.91831E-2,6.60693E-2,6.30957E-2,6.02560E-2,5.75440E-2,5.49541E-2, 
 5.24807E-2,5.01187E-2,4.78630E-2,4.57088E-2,4.36516E-2,4.16869E-2,3.98107E-2,3.80189E-2,3.63078E-2,3.46737E-2, 
 3.31131E-2,3.16228E-2,3.01995E-2,2.88403E-2,2.75423E-2,2.63027E-2,2.51189E-2,2.39883E-2,2.29087E-2,2.18776E-2, 
 2.08930E-2,1.99526E-2,1.90546E-2,1.81970E-2,1.73780E-2,1.65959E-2,1.58489E-2,1.51356E-2,1.44544E-2,1.38038E-2, 
 1.31826E-2,1.25892E-2,1.20226E-2,1.14815E-2,1.09648E-2,1.04713E-2,1.00000E-2,9.54993E-3,9.12011E-3,8.70964E-3, 
 8.31764E-3,7.94328E-3,7.58578E-3,7.24436E-3,6.91831E-3,6.60693E-3,6.30957E-3,6.02560E-3,5.75440E-3,5.49541E-3, 
 5.24807E-3,5.01187E-3,4.78630E-3,4.57088E-3,4.36516E-3,4.16869E-3,3.98107E-3,3.80189E-3,3.63078E-3,3.46737E-3, 
 3.31131E-3,3.16228E-3,3.01995E-3,2.88403E-3,2.75423E-3,2.63027E-3,2.51189E-3,2.39883E-3,2.29087E-3,2.18776E-3, 
 2.08930E-3,1.99526E-3,1.90546E-3,1.81970E-3,1.73780E-3,1.65959E-3,1.58489E-3,1.51356E-3,1.44544E-3,1.38038E-3, 
 1.31826E-3,1.25892E-3,1.20226E-3,1.14815E-3,1.09648E-3,1.04713E-3,1.00000E-3,9.54993E-4,9.12011E-4,8.70964E-4, 
 8.31764E-4,7.94328E-4,7.58578E-4,7.24436E-4,6.91831E-4,6.60693E-4,6.30957E-4,6.02560E-4,5.75440E-4,5.49541E-4, 
 5.24807E-4,5.01187E-4,4.78630E-4,4.57088E-4,4.36516E-4,4.16869E-4,3.98107E-4,3.80189E-4,3.63078E-4,3.46737E-4, 
 3.31131E-4,3.16228E-4,3.01995E-4,2.88403E-4,2.75423E-4,2.63027E-4,2.51189E-4,2.39883E-4,2.29087E-4,2.18776E-4, 
 2.08930E-4,1.99526E-4,1.90546E-4,1.81970E-4,1.73780E-4,1.65959E-4,1.58489E-4,1.51356E-4,1.44544E-4,1.38038E-4, 
 1.31826E-4,1.25893E-4,1.20226E-4,1.14815E-4,1.09648E-4,1.04713E-4,1.00000E-4,9.54993E-5,9.12011E-5,8.70964E-5, 
 8.31764E-5,7.94328E-5,7.58578E-5,7.24436E-5,6.91831E-5,6.60693E-5,6.30957E-5,6.02560E-5,5.75440E-5,5.49541E-5, 
 5.24808E-5,5.01187E-5,4.78630E-5,4.57088E-5,4.36516E-5,4.16869E-5,3.98107E-5,3.80189E-5,3.63078E-5,3.46737E-5, 
 3.31131E-5,3.16228E-5,3.01995E-5,2.88403E-5,2.75423E-5,2.63027E-5,2.51189E-5,2.39883E-5,2.29087E-5,2.18776E-5, 
 2.08930E-5,1.99526E-5,1.90546E-5,1.81970E-5,1.73780E-5,1.65959E-5,1.58489E-5,1.51356E-5,1.44544E-5,1.38038E-5, 
 1.31826E-5,1.25893E-5,1.20226E-5,1.14815E-5,1.09648E-5,1.04713E-5, 1.0E-5 
 