'CASMO-586 '
586
 2.0000E+07, 1.7332E+07, 1.6905E+07, 1.6487E+07, 1.5683E+07, 1.4918E+07, 1.4550E+07, 1.4191E+07, 1.3840E+07, 
 1.3499E+07, 1.2840E+07, 1.2523E+07, 1.2214E+07, 1.1618E+07, 1.1052E+07, 1.0513E+07, 1.0000E+07, 9.5123E+06, 
 9.0484E+06, 8.6071E+06, 8.1873E+06, 7.7880E+06, 7.4082E+06, 7.0469E+06, 6.7032E+06, 6.5924E+06, 6.3763E+06, 
 6.0653E+06, 5.7695E+06, 5.4881E+06, 5.2205E+06, 4.9659E+06, 4.7237E+06, 4.4933E+06, 4.0657E+06, 3.6788E+06, 
 3.3287E+06, 3.1664E+06, 3.0119E+06, 2.8651E+06, 2.7253E+06, 2.5924E+06, 2.4660E+06, 2.3852E+06, 2.3653E+06, 
 2.3457E+06, 2.3069E+06, 2.2313E+06, 2.1225E+06, 2.0190E+06, 1.9205E+06, 1.8268E+06, 1.7377E+06, 1.6530E+06, 
 1.5724E+06, 1.4957E+06, 1.4227E+06, 1.3534E+06, 1.2874E+06, 1.2246E+06, 1.1648E+06, 1.1080E+06, 1.0000E+06, 
 9.6140E+05, 9.0718E+05, 8.6294E+05, 8.2085E+05, 7.8082E+05, 7.4274E+05, 7.0651E+05, 6.7206E+05, 6.3928E+05, 
 6.0810E+05, 5.7844E+05, 5.5023E+05, 5.2340E+05, 4.9787E+05, 4.5049E+05, 4.0762E+05, 3.8774E+05, 3.6883E+05, 
 3.3373E+05, 3.0197E+05, 2.9849E+05, 2.9721E+05, 2.9452E+05, 2.8725E+05, 2.7324E+05, 2.4724E+05, 2.3518E+05, 
 2.2371E+05, 2.1280E+05, 2.0242E+05, 1.9255E+05, 1.8316E+05, 1.7422E+05, 1.6573E+05, 1.5746E+05, 1.4996E+05, 
 1.4264E+05, 1.3569E+05, 1.2907E+05, 1.2277E+05, 1.1679E+05, 1.1109E+05, 9.8037E+04, 8.6517E+04, 8.2503E+04, 
 7.9499E+04, 7.1998E+04, 6.7379E+04, 5.6562E+04, 5.2475E+04, 4.6309E+04, 4.0868E+04, 3.4307E+04, 3.1828E+04, 
 2.8501E+04, 2.7000E+04, 2.6058E+04, 2.4788E+04, 2.4176E+04, 2.3579E+04, 2.1875E+04, 1.9305E+04, 1.5034E+04, 
 1.1709E+04, 1.0595E+04, 9.1188E+03, 8.0473E+03, 7.1017E+03, 6.2673E+03, 5.5308E+03, 4.8810E+03, 4.3074E+03, 
 3.8013E+03, 3.3546E+03, 2.9604E+03, 2.6126E+03, 2.3056E+03, 2.0347E+03, 1.7956E+03, 1.5846E+03, 1.3984E+03, 
 1.2341E+03, 1.0891E+03, 9.6110E+02, 8.4820E+02, 7.4850E+02, 6.6060E+02, 5.8300E+02, 5.1450E+02, 4.5400E+02, 
 4.0070E+02, 3.5360E+02, 3.1200E+02, 2.7540E+02, 2.4300E+02, 2.1450E+02, 1.9500E+02, 1.7300E+02, 1.4870E+02, 
 1.3010E+02, 1.1100E+02, 8.9400E+01, 7.5500E+01, 4.7900E+01, 2.7700E+01, 1.6000E+01, 1.0000E+01, 9.9750E+00, 
 9.9500E+00, 9.9250E+00, 9.9000E+00, 9.8750E+00, 9.8500E+00, 9.8250E+00, 9.8000E+00, 9.7750E+00, 9.7500E+00, 
 9.7250E+00, 9.7000E+00, 9.6750E+00, 9.6500E+00, 9.6250E+00, 9.6000E+00, 9.5750E+00, 9.5500E+00, 9.5250E+00, 
 9.5000E+00, 9.4750E+00, 9.4500E+00, 9.4250E+00, 9.4000E+00, 9.3750E+00, 9.3500E+00, 9.3250E+00, 9.3000E+00, 
 9.2750E+00, 9.2500E+00, 9.2250E+00, 9.2000E+00, 9.1750E+00, 9.1500E+00, 9.1250E+00, 9.1000E+00, 9.0750E+00, 
 9.0500E+00, 9.0250E+00, 9.0000E+00, 8.9750E+00, 8.9500E+00, 8.9250E+00, 8.9000E+00, 8.8750E+00, 8.8500E+00, 
 8.8250E+00, 8.8000E+00, 8.7750E+00, 8.7500E+00, 8.7250E+00, 8.7000E+00, 8.6750E+00, 8.6500E+00, 8.6250E+00, 
 8.6000E+00, 8.5750E+00, 8.5500E+00, 8.5250E+00, 8.5000E+00, 8.4750E+00, 8.4500E+00, 8.4250E+00, 8.4000E+00, 
 8.3750E+00, 8.3500E+00, 8.3250E+00, 8.3000E+00, 8.2750E+00, 8.2500E+00, 8.2250E+00, 8.2000E+00, 8.1750E+00, 
 8.1500E+00, 8.1250E+00, 8.1000E+00, 8.0750E+00, 8.0500E+00, 8.0250E+00, 8.0000E+00, 7.9750E+00, 7.9500E+00, 
 7.9250E+00, 7.9000E+00, 7.8750E+00, 7.8500E+00, 7.8250E+00, 7.8000E+00, 7.7750E+00, 7.7500E+00, 7.7250E+00, 
 7.7000E+00, 7.6750E+00, 7.6500E+00, 7.6250E+00, 7.6000E+00, 7.5750E+00, 7.5500E+00, 7.5250E+00, 7.5000E+00, 
 7.4750E+00, 7.4500E+00, 7.4250E+00, 7.4000E+00, 7.3750E+00, 7.3500E+00, 7.3250E+00, 7.3000E+00, 7.2750E+00, 
 7.2500E+00, 7.2250E+00, 7.2000E+00, 7.1750E+00, 7.1500E+00, 7.1250E+00, 7.1000E+00, 7.0750E+00, 7.0500E+00,
 7.0250E+00, 7.0000E+00, 6.9750E+00, 6.9500E+00, 6.9250E+00, 6.9000E+00, 6.8750E+00, 6.8500E+00, 6.8250E+00, 
 6.8000E+00, 6.7750E+00, 6.7500E+00, 6.7250E+00, 6.7000E+00, 6.6750E+00, 6.6500E+00, 6.6250E+00, 6.6000E+00, 
 6.5750E+00, 6.5500E+00, 6.5250E+00, 6.5000E+00, 6.4750E+00, 6.4500E+00, 6.4250E+00, 6.4000E+00, 6.3750E+00, 
 6.3500E+00, 6.3250E+00, 6.3000E+00, 6.2750E+00, 6.2500E+00, 6.2250E+00, 6.2000E+00, 6.1750E+00, 6.1500E+00, 
 6.1250E+00, 6.1000E+00, 6.0750E+00, 6.0500E+00, 6.0250E+00, 6.0000E+00, 5.9750E+00, 5.9500E+00, 5.9250E+00, 
 5.9000E+00, 5.8750E+00, 5.8500E+00, 5.8250E+00, 5.8000E+00, 5.7750E+00, 5.7500E+00, 5.7250E+00, 5.7000E+00, 
 5.6750E+00, 5.6500E+00, 5.6250E+00, 5.6000E+00, 5.5750E+00, 5.5500E+00, 5.5250E+00, 5.5000E+00, 5.4750E+00, 
 5.4500E+00, 5.4250E+00, 5.4000E+00, 5.3750E+00, 5.3500E+00, 5.3250E+00, 5.3000E+00, 5.2750E+00, 5.2500E+00, 
 5.2250E+00, 5.2000E+00, 5.1750E+00, 5.1500E+00, 5.1250E+00, 5.1000E+00, 5.0750E+00, 5.0500E+00, 5.0250E+00, 
 5.0000E+00, 4.9750E+00, 4.9500E+00, 4.9250E+00, 4.9000E+00, 4.8750E+00, 4.8500E+00, 4.8250E+00, 4.8000E+00, 
 4.7750E+00, 4.7500E+00, 4.7250E+00, 4.7000E+00, 4.6750E+00, 4.6500E+00, 4.6250E+00, 4.6000E+00, 4.5750E+00, 
 4.5500E+00, 4.5250E+00, 4.5000E+00, 4.4750E+00, 4.4500E+00, 4.4250E+00, 4.4000E+00, 4.3750E+00, 4.3500E+00, 
 4.3250E+00, 4.3000E+00, 4.2750E+00, 4.2500E+00, 4.2250E+00, 4.2000E+00, 4.1750E+00, 4.1500E+00, 4.1250E+00, 
 4.1000E+00, 4.0750E+00, 4.0500E+00, 4.0250E+00, 4.0000E+00, 3.9750E+00, 3.9500E+00, 3.9250E+00, 3.9000E+00, 
 3.8750E+00, 3.8500E+00, 3.8250E+00, 3.8000E+00, 3.7750E+00, 3.7500E+00, 3.7250E+00, 3.7000E+00, 3.6750E+00, 
 3.6500E+00, 3.6250E+00, 3.6000E+00, 3.5750E+00, 3.5500E+00, 3.5250E+00, 3.5000E+00, 3.4750E+00, 3.4500E+00, 
 3.4250E+00, 3.4000E+00, 3.3750E+00, 3.3500E+00, 3.3250E+00, 3.3000E+00, 3.2750E+00, 3.2500E+00, 3.2250E+00, 
 3.2000E+00, 3.1750E+00, 3.1500E+00, 3.1250E+00, 3.1000E+00, 3.0750E+00, 3.0500E+00, 3.0250E+00, 3.0000E+00, 
 2.9750E+00, 2.9500E+00, 2.9250E+00, 2.9000E+00, 2.8750E+00, 2.8500E+00, 2.8250E+00, 2.8000E+00, 2.7750E+00, 
 2.7500E+00, 2.7250E+00, 2.7000E+00, 2.6750E+00, 2.6500E+00, 2.6250E+00, 2.6000E+00, 2.5750E+00, 2.5500E+00, 
 2.5250E+00, 2.5000E+00, 2.4750E+00, 2.4500E+00, 2.4250E+00, 2.4000E+00, 2.3750E+00, 2.3500E+00, 2.3250E+00, 
 2.3000E+00, 2.2750E+00, 2.2500E+00, 2.2250E+00, 2.2000E+00, 2.1750E+00, 2.1500E+00, 2.1250E+00, 2.1000E+00, 
 2.0750E+00, 2.0500E+00, 2.0250E+00, 2.0000E+00, 1.9750E+00, 1.9500E+00, 1.9250E+00, 1.9000E+00, 1.8750E+00, 
 1.8500E+00, 1.8250E+00, 1.8000E+00, 1.7750E+00, 1.7500E+00, 1.7250E+00, 1.7000E+00, 1.6750E+00, 1.6500E+00, 
 1.6250E+00, 1.6000E+00, 1.5750E+00, 1.5500E+00, 1.5250E+00, 1.5000E+00, 1.4750E+00, 1.4500E+00, 1.4250E+00, 
 1.4000E+00, 1.3750E+00, 1.3500E+00, 1.3250E+00, 1.3000E+00, 1.2750E+00, 1.2500E+00, 1.2250E+00, 1.2000E+00, 
 1.1750E+00, 1.1500E+00, 1.1250E+00, 1.1000E+00, 1.0750E+00, 1.0500E+00, 1.0250E+00, 1.0000E+00, 9.7500E-01, 
 9.5000E-01, 9.2500E-01, 9.0000E-01, 8.7500E-01, 8.5000E-01, 8.2500E-01, 8.0000E-01, 7.7500E-01, 7.5000E-01, 
 7.2500E-01, 7.0000E-01, 6.7500E-01, 6.5000E-01, 6.2500E-01, 6.0000E-01, 5.7500E-01, 5.5000E-01, 5.2500E-01, 
 5.0000E-01, 4.7500E-01, 4.5000E-01, 4.2500E-01, 4.0000E-01, 3.7500E-01, 3.5000E-01, 3.2500E-01, 3.0000E-01, 
 2.7500E-01, 2.5000E-01, 2.2500E-01, 2.0000E-01, 1.9000E-01, 1.8000E-01, 1.7000E-01, 1.6000E-01, 1.5000E-01, 
 1.4000E-01, 1.3000E-01, 1.2000E-01, 1.1000E-01, 1.0000E-01, 9.0000E-02, 8.0000E-02, 7.0000E-02, 6.0000E-02, 
 5.0000E-02, 4.5000E-02, 4.0000E-02, 3.5000E-02, 3.0000E-02, 2.5000E-02, 2.0000E-02, 1.5000E-02, 1.0000E-02, 
 5.0000E-03, 1.0000E-05
