'CCFE-709  '
709
 1.000000E+09, 9.600000E+08, 9.200000E+08, 8.800000E+08, 8.400000E+08, 
 8.000000E+08, 7.600000E+08, 7.200000E+08, 6.800000E+08, 6.400000E+08, 
 6.000000E+08, 5.600000E+08, 5.200000E+08, 4.800000E+08, 4.400000E+08, 
 4.000000E+08, 3.600000E+08, 3.200000E+08, 2.800000E+08, 2.400000E+08,
 2.000000E+08, 1.800000E+08, 1.600000E+08, 1.500000E+08, 1.400000E+08, 
 1.300000E+08, 1.200000E+08, 1.100000E+08, 1.000000E+08, 9.000000E+07, 
 8.000000E+07, 7.500000E+07, 7.000000E+07, 6.500000E+07, 6.000000E+07, 
 5.800000E+07, 5.600000E+07, 5.400000E+07, 5.200000E+07, 5.000000E+07, 
 4.800000E+07, 4.600000E+07, 4.400000E+07, 4.200000E+07, 4.000000E+07, 
 3.800000E+07, 3.600000E+07, 3.400000E+07, 3.200000E+07, 3.000000E+07, 
 2.900000E+07, 2.800000E+07, 2.700000E+07, 2.600000E+07, 2.500000E+07, 
 2.400000E+07, 2.300000E+07, 2.200000E+07, 2.100000E+07, 2.000000E+07, 
 1.980000E+07, 1.960000E+07, 1.940000E+07, 1.920000E+07, 1.900000E+07, 
 1.880000E+07, 1.860000E+07, 1.840000E+07, 1.820000E+07, 1.800000E+07, 
 1.780000E+07, 1.760000E+07, 1.740000E+07, 1.720000E+07, 1.700000E+07, 
 1.680000E+07, 1.660000E+07, 1.640000E+07, 1.620000E+07, 1.600000E+07, 
 1.580000E+07, 1.560000E+07, 1.540000E+07, 1.520000E+07, 1.500000E+07, 
 1.480000E+07, 1.460000E+07, 1.440000E+07, 1.420000E+07, 1.400000E+07, 
 1.380000E+07, 1.360000E+07, 1.340000E+07, 1.320000E+07, 1.300000E+07, 
 1.280000E+07, 1.260000E+07, 1.240000E+07, 1.220000E+07, 1.200000E+07, 
 1.180000E+07, 1.160000E+07, 1.140000E+07, 1.120000E+07, 1.100000E+07, 
 1.080000E+07, 1.060000E+07, 1.040000E+07, 1.020000E+07, 1.000000E+07, 
 9.549926E+06, 9.120108E+06, 8.709636E+06, 8.317638E+06, 7.943282E+06, 
 7.585776E+06, 7.244360E+06, 6.918310E+06, 6.606934E+06, 6.309573E+06, 
 6.025596E+06, 5.754399E+06, 5.495409E+06, 5.248075E+06, 5.011872E+06, 
 4.786301E+06, 4.570882E+06, 4.365158E+06, 4.168694E+06, 3.981072E+06, 
 3.801894E+06, 3.630781E+06, 3.467369E+06, 3.311311E+06, 3.162278E+06, 
 3.019952E+06, 2.884032E+06, 2.754229E+06, 2.630268E+06, 2.511886E+06, 
 2.398833E+06, 2.290868E+06, 2.187762E+06, 2.089296E+06, 1.995262E+06, 
 1.905461E+06, 1.819701E+06, 1.737801E+06, 1.659587E+06, 1.584893E+06, 
 1.513561E+06, 1.445440E+06, 1.380384E+06, 1.318257E+06, 1.258925E+06, 
 1.202264E+06, 1.148154E+06, 1.096478E+06, 1.047129E+06, 1.000000E+06, 
 9.549926E+05, 9.120108E+05, 8.709636E+05, 8.317638E+05, 7.943282E+05, 
 7.585776E+05, 7.244360E+05, 6.918310E+05, 6.606934E+05, 6.309573E+05, 
 6.025596E+05, 5.754399E+05, 5.495409E+05, 5.248075E+05, 5.011872E+05, 
 4.786301E+05, 4.570882E+05, 4.365158E+05, 4.168694E+05, 3.981072E+05, 
 3.801894E+05, 3.630781E+05, 3.467369E+05, 3.311311E+05, 3.162278E+05, 
 3.019952E+05, 2.884032E+05, 2.754229E+05, 2.630268E+05, 2.511886E+05, 
 2.398833E+05, 2.290868E+05, 2.187762E+05, 2.089296E+05, 1.995262E+05,
 1.905461E+05, 1.819701E+05, 1.737801E+05, 1.659587E+05, 1.584893E+05, 
 1.513561E+05, 1.445440E+05, 1.380384E+05, 1.318257E+05, 1.258925E+05, 
 1.202264E+05, 1.148154E+05, 1.096478E+05, 1.047129E+05, 1.000000E+05, 
 9.549926E+04, 9.120108E+04, 8.709636E+04, 8.317638E+04, 7.943282E+04, 
 7.585776E+04, 7.244360E+04, 6.918310E+04, 6.606934E+04, 6.309573E+04, 
 6.025596E+04, 5.754399E+04, 5.495409E+04, 5.248075E+04, 5.011872E+04, 
 4.786301E+04, 4.570882E+04, 4.365158E+04, 4.168694E+04, 3.981072E+04, 
 3.801894E+04, 3.630781E+04, 3.467369E+04, 3.311311E+04, 3.162278E+04, 
 3.019952E+04, 2.884032E+04, 2.754229E+04, 2.630268E+04, 2.511886E+04, 
 2.398833E+04, 2.290868E+04, 2.187762E+04, 2.089296E+04, 1.995262E+04, 
 1.905461E+04, 1.819701E+04, 1.737801E+04, 1.659587E+04, 1.584893E+04, 
 1.513561E+04, 1.445440E+04, 1.380384E+04, 1.318257E+04, 1.258925E+04, 
 1.202264E+04, 1.148154E+04, 1.096478E+04, 1.047129E+04, 1.000000E+04, 
 9.549926E+03, 9.120108E+03, 8.709636E+03, 8.317638E+03, 7.943282E+03, 
 7.585776E+03, 7.244360E+03, 6.918310E+03, 6.606934E+03, 6.309573E+03, 
 6.025596E+03, 5.754399E+03, 5.495409E+03, 5.248075E+03, 5.011872E+03, 
 4.786301E+03, 4.570882E+03, 4.365158E+03, 4.168694E+03, 3.981072E+03, 
 3.801894E+03, 3.630781E+03, 3.467369E+03, 3.311311E+03, 3.162278E+03, 
 3.019952E+03, 2.884032E+03, 2.754229E+03, 2.630268E+03, 2.511886E+03, 
 2.398833E+03, 2.290868E+03, 2.187762E+03, 2.089296E+03, 1.995262E+03, 
 1.905461E+03, 1.819701E+03, 1.737801E+03, 1.659587E+03, 1.584893E+03, 
 1.513561E+03, 1.445440E+03, 1.380384E+03, 1.318257E+03, 1.258925E+03, 
 1.202264E+03, 1.148154E+03, 1.096478E+03, 1.047129E+03, 1.000000E+03, 
 9.549926E+02, 9.120108E+02, 8.709636E+02, 8.317638E+02, 7.943282E+02, 
 7.585776E+02, 7.244360E+02, 6.918310E+02, 6.606934E+02, 6.309573E+02, 
 6.025596E+02, 5.754399E+02, 5.495409E+02, 5.248075E+02, 5.011872E+02, 
 4.786301E+02, 4.570882E+02, 4.365158E+02, 4.168694E+02, 3.981072E+02, 
 3.801894E+02, 3.630781E+02, 3.467369E+02, 3.311311E+02, 3.162278E+02, 
 3.019952E+02, 2.884032E+02, 2.754229E+02, 2.630268E+02, 2.511886E+02, 
 2.398833E+02, 2.290868E+02, 2.187762E+02, 2.089296E+02, 1.995262E+02, 
 1.905461E+02, 1.819701E+02, 1.737801E+02, 1.659587E+02, 1.584893E+02, 
 1.513561E+02, 1.445440E+02, 1.380384E+02, 1.318257E+02, 1.258925E+02, 
 1.202264E+02, 1.148154E+02, 1.096478E+02, 1.047129E+02, 1.000000E+02, 
 9.549926E+01, 9.120108E+01, 8.709636E+01, 8.317638E+01, 7.943282E+01, 
 7.585776E+01, 7.244360E+01, 6.918310E+01, 6.606934E+01, 6.309573E+01,
 6.025596E+01, 5.754399E+01, 5.495409E+01, 5.248075E+01, 5.011872E+01, 
 4.786301E+01, 4.570882E+01, 4.365158E+01, 4.168694E+01, 3.981072E+01, 
 3.801894E+01, 3.630781E+01, 3.467369E+01, 3.311311E+01, 3.162278E+01, 
 3.019952E+01, 2.884032E+01, 2.754229E+01, 2.630268E+01, 2.511886E+01, 
 2.398833E+01, 2.290868E+01, 2.187762E+01, 2.089296E+01, 1.995262E+01, 
 1.905461E+01, 1.819701E+01, 1.737801E+01, 1.659587E+01, 1.584893E+01, 
 1.513561E+01, 1.445440E+01, 1.380384E+01, 1.318257E+01, 1.258925E+01, 
 1.202264E+01, 1.148154E+01, 1.096478E+01, 1.047129E+01, 1.000000E+01, 
 9.549926E+00, 9.120108E+00, 8.709636E+00, 8.317638E+00, 7.943282E+00, 
 7.585776E+00, 7.244360E+00, 6.918310E+00, 6.606934E+00, 6.309573E+00, 
 6.025596E+00, 5.754399E+00, 5.495409E+00, 5.248075E+00, 5.011872E+00, 
 4.786301E+00, 4.570882E+00, 4.365158E+00, 4.168694E+00, 3.981072E+00, 
 3.801894E+00, 3.630781E+00, 3.467369E+00, 3.311311E+00, 3.162278E+00, 
 3.019952E+00, 2.884032E+00, 2.754229E+00, 2.630268E+00, 2.511886E+00, 
 2.398833E+00, 2.290868E+00, 2.187762E+00, 2.089296E+00, 1.995262E+00, 
 1.905461E+00, 1.819701E+00, 1.737801E+00, 1.659587E+00, 1.584893E+00, 
 1.513561E+00, 1.445440E+00, 1.380384E+00, 1.318257E+00, 1.258925E+00, 
 1.202264E+00, 1.148154E+00, 1.096478E+00, 1.047129E+00, 1.000000E+00, 
 9.549926E-01, 9.120108E-01, 8.709636E-01, 8.317638E-01, 7.943282E-01, 
 7.585776E-01, 7.244360E-01, 6.918310E-01, 6.606934E-01, 6.309573E-01, 
 6.025596E-01, 5.754399E-01, 5.495409E-01, 5.248075E-01, 5.011872E-01, 
 4.786301E-01, 4.570882E-01, 4.365158E-01, 4.168694E-01, 3.981072E-01, 
 3.801894E-01, 3.630781E-01, 3.467369E-01, 3.311311E-01, 3.162278E-01, 
 3.019952E-01, 2.884032E-01, 2.754229E-01, 2.630268E-01, 2.511886E-01, 
 2.398833E-01, 2.290868E-01, 2.187762E-01, 2.089296E-01, 1.995262E-01, 
 1.905461E-01, 1.819701E-01, 1.737801E-01, 1.659587E-01, 1.584893E-01, 
 1.513561E-01, 1.445440E-01, 1.380384E-01, 1.318257E-01, 1.258925E-01, 
 1.202264E-01, 1.148154E-01, 1.096478E-01, 1.047129E-01, 1.000000E-01, 
 9.549926E-02, 9.120108E-02, 8.709636E-02, 8.317638E-02, 7.943282E-02, 
 7.585776E-02, 7.244360E-02, 6.918310E-02, 6.606934E-02, 6.309573E-02, 
 6.025596E-02, 5.754399E-02, 5.495409E-02, 5.248075E-02, 5.011872E-02, 
 4.786301E-02, 4.570882E-02, 4.365158E-02, 4.168694E-02, 3.981072E-02, 
 3.801894E-02, 3.630781E-02, 3.467369E-02, 3.311311E-02, 3.162278E-02, 
 3.019952E-02, 2.884032E-02, 2.754229E-02, 2.630268E-02, 2.511886E-02, 
 2.398833E-02, 2.290868E-02, 2.187762E-02, 2.089296E-02, 1.995262E-02,
 1.905461E-02, 1.819701E-02, 1.737801E-02, 1.659587E-02, 1.584893E-02, 
 1.513561E-02, 1.445440E-02, 1.380384E-02, 1.318257E-02, 1.258925E-02, 
 1.202264E-02, 1.148154E-02, 1.096478E-02, 1.047129E-02, 1.000000E-02, 
 9.549926E-03, 9.120108E-03, 8.709636E-03, 8.317638E-03, 7.943282E-03, 
 7.585776E-03, 7.244360E-03, 6.918310E-03, 6.606934E-03, 6.309573E-03, 
 6.025596E-03, 5.754399E-03, 5.495409E-03, 5.248075E-03, 5.011872E-03, 
 4.786301E-03, 4.570882E-03, 4.365158E-03, 4.168694E-03, 3.981072E-03, 
 3.801894E-03, 3.630781E-03, 3.467369E-03, 3.311311E-03, 3.162278E-03, 
 3.019952E-03, 2.884032E-03, 2.754229E-03, 2.630268E-03, 2.511886E-03, 
 2.398833E-03, 2.290868E-03, 2.187762E-03, 2.089296E-03, 1.995262E-03, 
 1.905461E-03, 1.819701E-03, 1.737801E-03, 1.659587E-03, 1.584893E-03, 
 1.513561E-03, 1.445440E-03, 1.380384E-03, 1.318257E-03, 1.258925E-03, 
 1.202264E-03, 1.148154E-03, 1.096478E-03, 1.047129E-03, 1.000000E-03, 
 9.549926E-04, 9.120108E-04, 8.709636E-04, 8.317638E-04, 7.943282E-04, 
 7.585776E-04, 7.244360E-04, 6.918310E-04, 6.606934E-04, 6.309573E-04, 
 6.025596E-04, 5.754399E-04, 5.495409E-04, 5.248075E-04, 5.011872E-04, 
 4.786301E-04, 4.570882E-04, 4.365158E-04, 4.168694E-04, 3.981072E-04, 
 3.801894E-04, 3.630781E-04, 3.467369E-04, 3.311311E-04, 3.162278E-04, 
 3.019952E-04, 2.884032E-04, 2.754229E-04, 2.630268E-04, 2.511886E-04, 
 2.398833E-04, 2.290868E-04, 2.187762E-04, 2.089296E-04, 1.995262E-04, 
 1.905461E-04, 1.819701E-04, 1.737801E-04, 1.659587E-04, 1.584893E-04, 
 1.513561E-04, 1.445440E-04, 1.380384E-04, 1.318257E-04, 1.258925E-04, 
 1.202264E-04, 1.148154E-04, 1.096478E-04, 1.047129E-04, 1.000000E-04, 
 9.549926E-05, 9.120108E-05, 8.709636E-05, 8.317638E-05, 7.943282E-05, 
 7.585776E-05, 7.244360E-05, 6.918310E-05, 6.606934E-05, 6.309573E-05, 
 6.025596E-05, 5.754399E-05, 5.495409E-05, 5.248075E-05, 5.011872E-05, 
 4.786301E-05, 4.570882E-05, 4.365158E-05, 4.168694E-05, 3.981072E-05, 
 3.801894E-05, 3.630781E-05, 3.467369E-05, 3.311311E-05, 3.162278E-05, 
 3.019952E-05, 2.884032E-05, 2.754229E-05, 2.630268E-05, 2.511886E-05, 
 2.398833E-05, 2.290868E-05, 2.187762E-05, 2.089296E-05, 1.995262E-05, 
 1.905461E-05, 1.819701E-05, 1.737801E-05, 1.659587E-05, 1.584893E-05, 
 1.513561E-05, 1.445440E-05, 1.380384E-05, 1.318257E-05, 1.258925E-05, 
 1.202264E-05, 1.148154E-05, 1.096478E-05, 1.047129E-05, 1.000000E-05 