'CCFE-162  '
162
 1.000000E+09, 9.600000E+08, 9.200000E+08, 8.800000E+08, 8.400000E+08, 
 8.000000E+08, 7.600000E+08, 7.200000E+08, 6.800000E+08, 6.400000E+08, 
 6.000000E+08, 5.600000E+08, 5.200000E+08, 4.800000E+08, 4.400000E+08, 
 4.000000E+08, 3.600000E+08, 3.200000E+08, 2.800000E+08, 2.400000E+08,
 2.00000E8, 1.80000E8, 1.60000E8, 1.40000E8, 1.20000E8, 1.00000E8, 9.00000E7, 8.00000E7, 7.00000E7, 6.00000E7, 
 5.50000E7, 5.40000E7, 5.00000E7, 4.50000E7, 4.00000E7, 3.50000E7, 3.00000E7, 2.80000E7, 2.60000E7, 2.40000E7, 
 2.20000E7, 2.00000E7, 1.90000E7, 1.80000E7, 1.70000E7, 1.60000E7, 1.50000E7, 1.40000E7, 1.30000E7, 1.20000E7, 
 1.10000E7, 1.00000E7, 9.80000E6, 9.60000E6, 9.40000E6, 9.20000E6, 9.00000E6, 8.80000E6, 8.60000E6, 8.40000E6, 
 8.20000E6, 8.00000E6, 7.80000E6, 7.60000E6, 7.40000E6, 7.20000E6, 7.00000E6, 6.80000E6, 6.60000E6, 6.40000E6, 
 6.20000E6, 6.00000E6, 5.80000E6, 5.60000E6, 5.40000E6, 5.20000E6, 5.00000E6, 4.80000E6, 4.60000E6, 4.40000E6, 
 4.20000E6, 4.00000E6, 3.87500E6, 3.75000E6, 3.62500E6, 3.50000E6, 3.37500E6, 3.25000E6, 3.12500E6, 3.00000E6, 
 2.87500E6, 2.75000E6, 2.62500E6, 2.50000E6, 2.37500E6, 2.25000E6, 2.12500E6, 2.00000E6, 1.87500E6, 1.75000E6, 
 1.62500E6, 1.50000E6, 1.37500E6, 1.25000E6, 1.12500E6, 1.00000E6, 9.75000E5, 9.50000E5, 9.25000E5, 9.00000E5, 
 8.75000E5, 8.50000E5, 8.25000E5, 8.00000E5, 7.75000E5, 7.50000E5, 7.25000E5, 7.00000E5, 6.75000E5, 6.50000E5, 
 6.25000E5, 6.00000E5, 5.75000E5, 5.50000E5, 5.25000E5, 5.00000E5, 4.75000E5, 4.50000E5, 4.25000E5, 4.00000E5, 
 3.75000E5, 3.50000E5, 3.25000E5, 3.00000E5, 2.80000E5, 2.60000E5, 2.40000E5, 2.20000E5, 2.00000E5, 1.80000E5, 
 1.60000E5, 1.40000E5, 1.20000E5, 1.00000E5, 9.50000E4, 9.00000E4, 8.50000E4, 8.00000E4, 7.50000E4, 7.00000E4, 
 6.50000E4, 6.00000E4, 5.50000E4, 5.00000E4, 4.50000E4, 4.00000E4, 3.50000E4, 3.00000E4, 2.50000E4, 2.00000E4, 
 1.50000E4, 1.00000E4, 5.00000E3