'UKAEA-1102'
1102
 1.0000E+09, 9.5499E+08, 9.1201E+08, 8.7096E+08, 8.3176E+08, 7.9433E+08, 
 7.5858E+08, 7.2444E+08, 6.9183E+08, 6.6069E+08, 6.3096E+08, 6.0256E+08, 
 5.7544E+08, 5.4954E+08, 5.2481E+08, 5.0119E+08, 4.7863E+08, 4.5709E+08, 
 4.3652E+08, 4.1687E+08, 3.9811E+08, 3.8019E+08, 3.6308E+08, 3.4674E+08, 
 3.3113E+08, 3.1623E+08, 3.0200E+08, 2.8840E+08, 2.7542E+08, 2.6303E+08, 
 2.5119E+08, 2.3988E+08, 2.2909E+08, 2.1878E+08, 2.0893E+08, 1.9953E+08, 
 1.9055E+08, 1.8197E+08, 1.7378E+08, 1.6596E+08, 1.5849E+08, 1.5136E+08, 
 1.4454E+08, 1.3804E+08, 1.3183E+08, 1.2589E+08, 1.2023E+08, 1.1482E+08, 
 1.0965E+08, 1.0471E+08, 1.0000E+08, 9.5499E+07, 9.1201E+07, 8.7096E+07, 
 8.3176E+07, 7.9433E+07, 7.5858E+07, 7.2444E+07, 6.9183E+07, 6.6069E+07, 
 6.3096E+07, 6.0256E+07, 5.7544E+07, 5.4954E+07, 5.2481E+07, 5.0119E+07, 
 4.7863E+07, 4.5709E+07, 4.3652E+07, 4.1687E+07, 3.9811E+07, 3.8019E+07, 
 3.6308E+07, 3.4674E+07, 3.3113E+07, 3.1623E+07, 3.0200E+07, 3.0000E+07, 
 2.9800E+07, 2.9600E+07, 2.9400E+07, 2.9200E+07, 2.9000E+07, 2.8800E+07, 
 2.8600E+07, 2.8400E+07, 2.8200E+07, 2.8000E+07, 2.7800E+07, 2.7600E+07, 
 2.7400E+07, 2.7200E+07, 2.7000E+07, 2.6800E+07, 2.6600E+07, 2.6400E+07, 
 2.6200E+07, 2.6000E+07, 2.5800E+07, 2.5600E+07, 2.5400E+07, 2.5200E+07, 
 2.5000E+07, 2.4800E+07, 2.4600E+07, 2.4400E+07, 2.4200E+07, 2.4000E+07, 
 2.3800E+07, 2.3600E+07, 2.3400E+07, 2.3200E+07, 2.3000E+07, 2.2800E+07, 
 2.2600E+07, 2.2400E+07, 2.2200E+07, 2.2000E+07, 2.1800E+07, 2.1600E+07, 
 2.1400E+07, 2.1200E+07, 2.1000E+07, 2.0800E+07, 2.0600E+07, 2.0400E+07, 
 2.0200E+07, 2.0000E+07, 1.9800E+07, 1.9600E+07, 1.9400E+07, 1.9200E+07, 
 1.9000E+07, 1.8800E+07, 1.8600E+07, 1.8400E+07, 1.8200E+07, 1.8000E+07, 
 1.7800E+07, 1.7600E+07, 1.7400E+07, 1.7200E+07, 1.7000E+07, 1.6800E+07, 
 1.6600E+07, 1.6400E+07, 1.6200E+07, 1.6000E+07, 1.5800E+07, 1.5600E+07, 
 1.5400E+07, 1.5200E+07, 1.5000E+07, 1.4800E+07, 1.4600E+07, 1.4400E+07, 
 1.4200E+07, 1.4000E+07, 1.3800E+07, 1.3600E+07, 1.3400E+07, 1.3200E+07, 
 1.3000E+07, 1.2800E+07, 1.2600E+07, 1.2400E+07, 1.2200E+07, 1.2000E+07, 
 1.1800E+07, 1.1600E+07, 1.1400E+07, 1.1200E+07, 1.1000E+07, 1.0800E+07, 
 1.0600E+07, 1.0400E+07, 1.0200E+07, 1.0000E+07, 9.8000E+06, 9.6000E+06, 
 9.4000E+06, 9.2000E+06, 9.0000E+06, 8.8000E+06, 8.6000E+06, 8.4000E+06, 
 8.2000E+06, 8.0000E+06, 7.8000E+06, 7.6000E+06, 7.4000E+06, 7.2000E+06,
 7.0000E+06, 6.8000E+06, 6.6000E+06, 6.4000E+06, 6.2000E+06, 6.0000E+06, 
 5.8000E+06, 5.6000E+06, 5.4000E+06, 5.2000E+06, 5.0000E+06, 4.7863E+06, 
 4.5709E+06, 4.3652E+06, 4.1687E+06, 3.9811E+06, 3.8019E+06, 3.6308E+06, 
 3.4674E+06, 3.3113E+06, 3.1623E+06, 3.0200E+06, 2.8840E+06, 2.7542E+06, 
 2.6303E+06, 2.5119E+06, 2.3988E+06, 2.2909E+06, 2.1878E+06, 2.0893E+06, 
 1.9953E+06, 1.9055E+06, 1.8197E+06, 1.7378E+06, 1.6596E+06, 1.5849E+06, 
 1.5136E+06, 1.4454E+06, 1.3804E+06, 1.3183E+06, 1.2589E+06, 1.2023E+06, 
 1.1482E+06, 1.0965E+06, 1.0471E+06, 1.0000E+06, 9.5499E+05, 9.1201E+05, 
 8.7096E+05, 8.3176E+05, 7.9433E+05, 7.5858E+05, 7.2444E+05, 6.9183E+05, 
 6.6069E+05, 6.3096E+05, 6.0256E+05, 5.7544E+05, 5.4954E+05, 5.2481E+05, 
 5.0119E+05, 4.7863E+05, 4.5709E+05, 4.3652E+05, 4.1687E+05, 3.9811E+05, 
 3.8019E+05, 3.6308E+05, 3.4674E+05, 3.3113E+05, 3.1623E+05, 3.0200E+05, 
 2.8840E+05, 2.7542E+05, 2.6303E+05, 2.5119E+05, 2.3988E+05, 2.2909E+05, 
 2.1878E+05, 2.0893E+05, 1.9953E+05, 1.9055E+05, 1.8197E+05, 1.7378E+05, 
 1.6596E+05, 1.5849E+05, 1.5136E+05, 1.4454E+05, 1.3804E+05, 1.3183E+05, 
 1.2589E+05, 1.2023E+05, 1.1482E+05, 1.0965E+05, 1.0471E+05, 1.0000E+05, 
 9.5499E+04, 9.1201E+04, 8.7096E+04, 8.3176E+04, 7.9433E+04, 7.5858E+04, 
 7.2444E+04, 6.9183E+04, 6.6069E+04, 6.3096E+04, 6.0256E+04, 5.7544E+04, 
 5.4954E+04, 5.2481E+04, 5.0119E+04, 4.7863E+04, 4.5709E+04, 4.3652E+04, 
 4.1687E+04, 3.9811E+04, 3.8019E+04, 3.6308E+04, 3.4674E+04, 3.3113E+04, 
 3.1623E+04, 3.0200E+04, 2.8840E+04, 2.7542E+04, 2.6303E+04, 2.5119E+04, 
 2.3988E+04, 2.2909E+04, 2.1878E+04, 2.0893E+04, 1.9953E+04, 1.9055E+04, 
 1.8197E+04, 1.7378E+04, 1.6596E+04, 1.5849E+04, 1.5136E+04, 1.4454E+04, 
 1.3804E+04, 1.3183E+04, 1.2589E+04, 1.2023E+04, 1.1482E+04, 1.0965E+04, 
 1.0471E+04, 1.0000E+04, 9.5499E+03, 9.1201E+03, 8.7096E+03, 8.3176E+03, 
 7.9433E+03, 7.5858E+03, 7.2444E+03, 6.9183E+03, 6.6069E+03, 6.3096E+03, 
 6.0256E+03, 5.7544E+03, 5.4954E+03, 5.2481E+03, 5.0119E+03, 4.7863E+03, 
 4.5709E+03, 4.3652E+03, 4.1687E+03, 3.9811E+03, 3.8019E+03, 3.6308E+03, 
 3.4674E+03, 3.3113E+03, 3.1623E+03, 3.0200E+03, 2.8840E+03, 2.7542E+03, 
 2.6303E+03, 2.5119E+03, 2.3988E+03, 2.2909E+03, 2.1878E+03, 2.0893E+03, 
 1.9953E+03, 1.9055E+03, 1.8197E+03, 1.7378E+03, 1.6596E+03, 1.5849E+03, 
 1.5136E+03, 1.4454E+03, 1.3804E+03, 1.3183E+03, 1.2589E+03, 1.2023E+03,
 1.1482E+03, 1.0965E+03, 1.0471E+03, 1.0000E+03, 9.5499E+02, 9.1201E+02, 
 8.7096E+02, 8.3176E+02, 7.9433E+02, 7.5858E+02, 7.2444E+02, 6.9183E+02, 
 6.6069E+02, 6.3096E+02, 6.0256E+02, 5.7544E+02, 5.4954E+02, 5.2481E+02, 
 5.0119E+02, 4.7863E+02, 4.5709E+02, 4.3652E+02, 4.1687E+02, 3.9811E+02, 
 3.8019E+02, 3.6308E+02, 3.4674E+02, 3.3113E+02, 3.1623E+02, 3.0200E+02, 
 2.8840E+02, 2.7542E+02, 2.6303E+02, 2.5119E+02, 2.3988E+02, 2.2909E+02, 
 2.1878E+02, 2.0893E+02, 1.9953E+02, 1.9055E+02, 1.8197E+02, 1.7378E+02, 
 1.6596E+02, 1.5849E+02, 1.5136E+02, 1.4454E+02, 1.3804E+02, 1.3183E+02, 
 1.2589E+02, 1.2023E+02, 1.1482E+02, 1.0965E+02, 1.0471E+02, 1.0000E+02, 
 9.5499E+01, 9.1201E+01, 8.7096E+01, 8.3176E+01, 7.9433E+01, 7.5858E+01, 
 7.2444E+01, 6.9183E+01, 6.6069E+01, 6.3096E+01, 6.0256E+01, 5.7544E+01, 
 5.4954E+01, 5.2481E+01, 5.0119E+01, 4.7863E+01, 4.5709E+01, 4.3652E+01, 
 4.1687E+01, 3.9811E+01, 3.8019E+01, 3.6308E+01, 3.4674E+01, 3.3113E+01, 
 3.1623E+01, 3.0200E+01, 2.8840E+01, 2.7542E+01, 2.6303E+01, 2.5119E+01, 
 2.3988E+01, 2.2909E+01, 2.1878E+01, 2.0893E+01, 1.9953E+01, 1.9055E+01, 
 1.8197E+01, 1.7378E+01, 1.6596E+01, 1.5849E+01, 1.5136E+01, 1.4454E+01, 
 1.3804E+01, 1.3183E+01, 1.2589E+01, 1.2023E+01, 1.1482E+01, 1.0965E+01, 
 1.0471E+01, 1.0000E+01, 9.9750E+00, 9.9500E+00, 9.9250E+00, 9.9000E+00, 
 9.8750E+00, 9.8500E+00, 9.8250E+00, 9.8000E+00, 9.7750E+00, 9.7500E+00, 
 9.7250E+00, 9.7000E+00, 9.6750E+00, 9.6500E+00, 9.6250E+00, 9.6000E+00, 
 9.5750E+00, 9.5500E+00, 9.5250E+00, 9.5000E+00, 9.4750E+00, 9.4500E+00, 
 9.4250E+00, 9.4000E+00, 9.3750E+00, 9.3500E+00, 9.3250E+00, 9.3000E+00, 
 9.2750E+00, 9.2500E+00, 9.2250E+00, 9.2000E+00, 9.1750E+00, 9.1500E+00, 
 9.1250E+00, 9.1000E+00, 9.0750E+00, 9.0500E+00, 9.0250E+00, 9.0000E+00, 
 8.9750E+00, 8.9500E+00, 8.9250E+00, 8.9000E+00, 8.8750E+00, 8.8500E+00, 
 8.8250E+00, 8.8000E+00, 8.7750E+00, 8.7500E+00, 8.7250E+00, 8.7000E+00, 
 8.6750E+00, 8.6500E+00, 8.6250E+00, 8.6000E+00, 8.5750E+00, 8.5500E+00, 
 8.5250E+00, 8.5000E+00, 8.4750E+00, 8.4500E+00, 8.4250E+00, 8.4000E+00, 
 8.3750E+00, 8.3500E+00, 8.3250E+00, 8.3000E+00, 8.2750E+00, 8.2500E+00, 
 8.2250E+00, 8.2000E+00, 8.1750E+00, 8.1500E+00, 8.1250E+00, 8.1000E+00, 
 8.0750E+00, 8.0500E+00, 8.0250E+00, 8.0000E+00, 7.9750E+00, 7.9500E+00, 
 7.9250E+00, 7.9000E+00, 7.8750E+00, 7.8500E+00, 7.8250E+00, 7.8000E+00,
 7.7750E+00, 7.7500E+00, 7.7250E+00, 7.7000E+00, 7.6750E+00, 7.6500E+00, 
 7.6250E+00, 7.6000E+00, 7.5750E+00, 7.5500E+00, 7.5250E+00, 7.5000E+00, 
 7.4750E+00, 7.4500E+00, 7.4250E+00, 7.4000E+00, 7.3750E+00, 7.3500E+00, 
 7.3250E+00, 7.3000E+00, 7.2750E+00, 7.2500E+00, 7.2250E+00, 7.2000E+00, 
 7.1750E+00, 7.1500E+00, 7.1250E+00, 7.1000E+00, 7.0750E+00, 7.0500E+00, 
 7.0250E+00, 7.0000E+00, 6.9750E+00, 6.9500E+00, 6.9250E+00, 6.9000E+00, 
 6.8750E+00, 6.8500E+00, 6.8250E+00, 6.8000E+00, 6.7750E+00, 6.7500E+00, 
 6.7250E+00, 6.7000E+00, 6.6750E+00, 6.6500E+00, 6.6250E+00, 6.6000E+00, 
 6.5750E+00, 6.5500E+00, 6.5250E+00, 6.5000E+00, 6.4750E+00, 6.4500E+00, 
 6.4250E+00, 6.4000E+00, 6.3750E+00, 6.3500E+00, 6.3250E+00, 6.3000E+00, 
 6.2750E+00, 6.2500E+00, 6.2250E+00, 6.2000E+00, 6.1750E+00, 6.1500E+00, 
 6.1250E+00, 6.1000E+00, 6.0750E+00, 6.0500E+00, 6.0250E+00, 6.0000E+00, 
 5.9750E+00, 5.9500E+00, 5.9250E+00, 5.9000E+00, 5.8750E+00, 5.8500E+00, 
 5.8250E+00, 5.8000E+00, 5.7750E+00, 5.7500E+00, 5.7250E+00, 5.7000E+00, 
 5.6750E+00, 5.6500E+00, 5.6250E+00, 5.6000E+00, 5.5750E+00, 5.5500E+00, 
 5.5250E+00, 5.5000E+00, 5.4750E+00, 5.4500E+00, 5.4250E+00, 5.4000E+00, 
 5.3750E+00, 5.3500E+00, 5.3250E+00, 5.3000E+00, 5.2750E+00, 5.2500E+00, 
 5.2250E+00, 5.2000E+00, 5.1750E+00, 5.1500E+00, 5.1250E+00, 5.1000E+00, 
 5.0750E+00, 5.0500E+00, 5.0250E+00, 5.0000E+00, 4.9750E+00, 4.9500E+00, 
 4.9250E+00, 4.9000E+00, 4.8750E+00, 4.8500E+00, 4.8250E+00, 4.8000E+00, 
 4.7750E+00, 4.7500E+00, 4.7250E+00, 4.7000E+00, 4.6750E+00, 4.6500E+00, 
 4.6250E+00, 4.6000E+00, 4.5750E+00, 4.5500E+00, 4.5250E+00, 4.5000E+00, 
 4.4750E+00, 4.4500E+00, 4.4250E+00, 4.4000E+00, 4.3750E+00, 4.3500E+00, 
 4.3250E+00, 4.3000E+00, 4.2750E+00, 4.2500E+00, 4.2250E+00, 4.2000E+00, 
 4.1750E+00, 4.1500E+00, 4.1250E+00, 4.1000E+00, 4.0750E+00, 4.0500E+00, 
 4.0250E+00, 4.0000E+00, 3.9750E+00, 3.9500E+00, 3.9250E+00, 3.9000E+00, 
 3.8750E+00, 3.8500E+00, 3.8250E+00, 3.8000E+00, 3.7750E+00, 3.7500E+00, 
 3.7250E+00, 3.7000E+00, 3.6750E+00, 3.6500E+00, 3.6250E+00, 3.6000E+00, 
 3.5750E+00, 3.5500E+00, 3.5250E+00, 3.5000E+00, 3.4750E+00, 3.4500E+00, 
 3.4250E+00, 3.4000E+00, 3.3750E+00, 3.3500E+00, 3.3250E+00, 3.3000E+00, 
 3.2750E+00, 3.2500E+00, 3.2250E+00, 3.2000E+00, 3.1750E+00, 3.1500E+00, 
 3.1250E+00, 3.1000E+00, 3.0750E+00, 3.0500E+00, 3.0250E+00, 3.0000E+00,
 2.9750E+00, 2.9500E+00, 2.9250E+00, 2.9000E+00, 2.8750E+00, 2.8500E+00, 
 2.8250E+00, 2.8000E+00, 2.7750E+00, 2.7500E+00, 2.7250E+00, 2.7000E+00, 
 2.6750E+00, 2.6500E+00, 2.6250E+00, 2.6000E+00, 2.5750E+00, 2.5500E+00, 
 2.5250E+00, 2.5000E+00, 2.4750E+00, 2.4500E+00, 2.4250E+00, 2.4000E+00, 
 2.3750E+00, 2.3500E+00, 2.3250E+00, 2.3000E+00, 2.2750E+00, 2.2500E+00, 
 2.2250E+00, 2.2000E+00, 2.1750E+00, 2.1500E+00, 2.1250E+00, 2.1000E+00, 
 2.0750E+00, 2.0500E+00, 2.0250E+00, 2.0000E+00, 1.9750E+00, 1.9500E+00, 
 1.9250E+00, 1.9000E+00, 1.8750E+00, 1.8500E+00, 1.8250E+00, 1.8000E+00, 
 1.7750E+00, 1.7500E+00, 1.7250E+00, 1.7000E+00, 1.6750E+00, 1.6500E+00, 
 1.6250E+00, 1.6000E+00, 1.5750E+00, 1.5500E+00, 1.5250E+00, 1.5000E+00, 
 1.4750E+00, 1.4500E+00, 1.4250E+00, 1.4000E+00, 1.3750E+00, 1.3500E+00, 
 1.3250E+00, 1.3000E+00, 1.2750E+00, 1.2500E+00, 1.2250E+00, 1.2000E+00, 
 1.1750E+00, 1.1500E+00, 1.1250E+00, 1.1000E+00, 1.0750E+00, 1.0500E+00, 
 1.0250E+00, 1.0000E+00, 9.7500E-01, 9.5000E-01, 9.2500E-01, 9.0000E-01, 
 8.7500E-01, 8.5000E-01, 8.2500E-01, 8.0000E-01, 7.7500E-01, 7.5000E-01, 
 7.2500E-01, 7.0000E-01, 6.7500E-01, 6.5000E-01, 6.2500E-01, 6.0000E-01, 
 5.7500E-01, 5.5000E-01, 5.2481E-01, 5.0119E-01, 4.7863E-01, 4.5709E-01, 
 4.3652E-01, 4.1687E-01, 3.9811E-01, 3.8019E-01, 3.6308E-01, 3.4674E-01, 
 3.3113E-01, 3.1623E-01, 3.0200E-01, 2.8840E-01, 2.7542E-01, 2.6303E-01, 
 2.5119E-01, 2.3988E-01, 2.2909E-01, 2.1878E-01, 2.0893E-01, 1.9953E-01, 
 1.9055E-01, 1.8197E-01, 1.7378E-01, 1.6596E-01, 1.5849E-01, 1.5136E-01, 
 1.4454E-01, 1.3804E-01, 1.3183E-01, 1.2589E-01, 1.2023E-01, 1.1482E-01, 
 1.0965E-01, 1.0471E-01, 1.0000E-01, 9.5499E-02, 9.1201E-02, 8.7096E-02, 
 8.3176E-02, 7.9433E-02, 7.5858E-02, 7.2444E-02, 6.9183E-02, 6.6069E-02, 
 6.3096E-02, 6.0256E-02, 5.7544E-02, 5.4954E-02, 5.2481E-02, 5.0119E-02, 
 4.7863E-02, 4.5709E-02, 4.3652E-02, 4.1687E-02, 3.9811E-02, 3.8019E-02, 
 3.6308E-02, 3.4674E-02, 3.3113E-02, 3.1623E-02, 3.0200E-02, 2.8840E-02, 
 2.7542E-02, 2.6303E-02, 2.5119E-02, 2.3988E-02, 2.2909E-02, 2.1878E-02, 
 2.0893E-02, 1.9953E-02, 1.9055E-02, 1.8197E-02, 1.7378E-02, 1.6596E-02, 
 1.5849E-02, 1.5136E-02, 1.4454E-02, 1.3804E-02, 1.3183E-02, 1.2589E-02, 
 1.2023E-02, 1.1482E-02, 1.0965E-02, 1.0471E-02, 1.0000E-02, 9.5499E-03, 
 9.1201E-03, 8.7096E-03, 8.3176E-03, 7.9433E-03, 7.5858E-03, 7.2444E-03,
 6.9183E-03, 6.6069E-03, 6.3096E-03, 6.0256E-03, 5.7544E-03, 5.4954E-03, 
 5.2481E-03, 5.0119E-03, 4.7863E-03, 4.5709E-03, 4.3652E-03, 4.1687E-03, 
 3.9811E-03, 3.8019E-03, 3.6308E-03, 3.4674E-03, 3.3113E-03, 3.1623E-03, 
 3.0200E-03, 2.8840E-03, 2.7542E-03, 2.6303E-03, 2.5119E-03, 2.3988E-03, 
 2.2909E-03, 2.1878E-03, 2.0893E-03, 1.9953E-03, 1.9055E-03, 1.8197E-03, 
 1.7378E-03, 1.6596E-03, 1.5849E-03, 1.5136E-03, 1.4454E-03, 1.3804E-03, 
 1.3183E-03, 1.2589E-03, 1.2023E-03, 1.1482E-03, 1.0965E-03, 1.0471E-03, 
 1.0000E-03, 9.5499E-04, 9.1201E-04, 8.7096E-04, 8.3176E-04, 7.9433E-04, 
 7.5858E-04, 7.2444E-04, 6.9183E-04, 6.6069E-04, 6.3096E-04, 6.0256E-04, 
 5.7544E-04, 5.4954E-04, 5.2481E-04, 5.0119E-04, 4.7863E-04, 4.5709E-04, 
 4.3652E-04, 4.1687E-04, 3.9811E-04, 3.8019E-04, 3.6308E-04, 3.4674E-04, 
 3.3113E-04, 3.1623E-04, 3.0200E-04, 2.8840E-04, 2.7542E-04, 2.6303E-04, 
 2.5119E-04, 2.3988E-04, 2.2909E-04, 2.1878E-04, 2.0893E-04, 1.9953E-04, 
 1.9055E-04, 1.8197E-04, 1.7378E-04, 1.6596E-04, 1.5849E-04, 1.5136E-04, 
 1.4454E-04, 1.3804E-04, 1.3183E-04, 1.2589E-04, 1.2023E-04, 1.1482E-04, 
 1.0965E-04, 1.0471E-04, 1.0000E-04, 9.5499E-05, 9.1201E-05, 8.7096E-05, 
 8.3176E-05, 7.9433E-05, 7.5858E-05, 7.2444E-05, 6.9183E-05, 6.6069E-05, 
 6.3096E-05, 6.0256E-05, 5.7544E-05, 5.4954E-05, 5.2481E-05, 5.0119E-05, 
 4.7863E-05, 4.5709E-05, 4.3652E-05, 4.1687E-05, 3.9811E-05, 3.8019E-05, 
 3.6308E-05, 3.4674E-05, 3.3113E-05, 3.1623E-05, 3.0200E-05, 2.8840E-05, 
 2.7542E-05, 2.6303E-05, 2.5119E-05, 2.3988E-05, 2.2909E-05, 2.1878E-05, 
 2.0893E-05, 1.9953E-05, 1.9055E-05, 1.8197E-05, 1.7378E-05, 1.6596E-05, 
 1.5849E-05, 1.5136E-05, 1.4454E-05, 1.3804E-05, 1.3183E-05, 1.2589E-05, 
 1.2023E-05, 1.1482E-05, 1.0965E-05, 1.0471E-05, 1.0000E-05
