'TRIPOLI+  '
351
 5.5000E7, 5.4000E7, 5.3000E7, 5.2000E7, 5.1000E7, 5.0000E7, 4.9000E7, 4.8000E7, 4.7000E7, 4.6000E7, 
 4.5000E7, 4.4000E7, 4.3000E7, 4.2000E7, 4.1000E7, 4.0000E7, 3.9000E7, 3.8000E7, 3.7000E7, 3.6000E7, 
 3.5000E7, 3.4000E7, 3.3000E7, 3.2000E7, 3.1000E7, 3.0000E7, 2.9000E7, 2.8000E7, 2.7000E7, 2.6000E7, 
 2.5000E7, 2.4000E7, 2.3000E7, 2.2000E7, 2.1000E7, 2.0000E7, 1.9640E7, 1.7330E7, 1.6910E7, 1.6490E7, 
 1.5680E7, 1.4920E7, 1.4550E7, 1.4190E7, 1.3840E7, 1.3500E7, 1.2840E7, 1.2210E7, 1.1620E7, 1.1050E7, 
 1.0510E7, 1.0000E7, 9.5120E6, 9.0480E6, 8.6070E6, 8.1870E6, 7.7880E6, 7.4080E6, 7.0470E6, 6.7030E6, 
 6.5920E6, 6.3760E6, 6.0650E6, 5.7690E6, 5.4880E6, 5.2200E6, 4.9660E6, 4.7240E6, 4.4930E6, 4.0660E6, 
 3.6790E6, 3.3290E6, 3.1660E6, 3.0120E6, 2.8650E6, 2.7250E6, 2.5920E6, 2.4660E6, 2.3850E6, 2.3650E6, 
 2.3460E6, 2.3070E6, 2.2310E6, 2.1220E6, 2.0190E6, 1.9210E6, 1.8270E6, 1.7380E6, 1.6530E6, 1.5720E6, 
 1.4960E6, 1.4230E6, 1.3530E6, 1.2870E6, 1.2250E6, 1.1650E6, 1.1080E6, 1.0030E6, 9.6160E5, 9.0720E5, 
 8.6290E5, 8.2090E5, 7.8080E5, 7.4270E5, 7.0650E5, 6.7210E5, 6.3930E5, 6.0810E5, 5.7840E5, 5.5020E5, 
 5.2340E5, 4.5050E5, 4.0760E5, 3.8770E5, 3.6880E5, 3.3370E5, 3.0200E5, 2.9850E5, 2.9720E5, 2.9450E5, 
 2.8730E5, 2.7320E5, 2.4720E5, 2.3520E5, 2.2370E5, 2.1280E5, 2.0240E5, 1.9250E5, 1.8320E5, 1.7420E5, 
 1.6570E5, 1.5760E5, 1.5000E5, 1.4260E5, 1.3570E5, 1.2910E5, 1.2280E5, 1.1680E5, 1.1110E5, 9.8040E4, 
 8.6520E4, 8.2500E4, 8.2300E4, 7.9500E4, 7.4990E4, 7.2000E4, 6.7380E4, 6.1730E4, 5.6560E4, 5.5170E4, 
 5.2480E4, 4.9390E4, 4.6310E4, 4.3590E4, 4.0870E4, 3.6980E4, 3.4310E4, 3.1830E4, 3.1620E4, 3.0730E4, 
 2.9850E4, 2.9010E4, 2.8500E4, 2.8180E4, 2.7380E4, 2.7000E4, 2.6610E4, 2.6060E4, 2.5850E4, 2.5120E4, 
 2.4790E4, 2.4410E4, 2.4180E4, 2.3580E4, 2.3040E4, 2.2390E4, 2.1870E4, 2.1130E4, 2.0540E4, 1.9950E4, 
 1.9310E4, 1.7780E4, 1.6620E4, 1.5850E4, 1.5030E4, 1.3830E4, 1.2730E4, 1.1710E4, 1.1140E4, 1.0080E4, 
 9.1190E3, 8.2510E3, 7.4660E3, 7.1020E3, 6.2670E3, 5.5310E3, 5.0040E3, 4.6430E3, 4.3070E3, 3.9810E3, 
 3.7070E3, 3.5480E3, 3.3550E3, 3.1620E3, 3.0350E3, 2.8180E3, 2.7470E3, 2.6610E3, 2.6130E3, 2.4850E3, 
 2.3710E3, 2.2490E3, 2.1130E3, 2.0350E3, 1.7960E3, 1.5850E3, 1.5070E3, 1.3640E3, 1.2340E3, 1.1170E3, 
 1.0100E3, 9.6110E2, 8.4820E2, 7.4850E2, 7.0790E2, 6.7730E2, 6.3100E2, 5.8300E2, 5.1450E2, 4.5400E2, 
 3.9810E2, 3.5360E2, 3.0430E2, 2.7540E2, 2.4300E2, 2.1450E2, 2.0400E2, 1.7780E2, 1.6700E2, 1.5850E2, 
 1.3670E2, 1.3010E2, 1.1220E2, 1.0130E2, 9.1660E1, 8.5280E1, 7.8890E1, 7.0790E1, 6.7900E1, 6.3100E1, 
 6.1440E1, 5.5590E1, 5.0120E1, 4.7850E1, 4.5520E1, 3.9810E1, 3.7270E1, 3.3890E1, 3.0510E1, 2.9200E1, 
 2.7920E1, 2.4980E1, 2.2600E1, 2.0450E1, 1.9030E1, 1.7600E1, 1.6740E1, 1.5230E1, 1.3710E1, 1.2590E1, 
 1.1220E1, 1.0680E1, 1.0000E1, 9.1900E0, 8.9130E0, 8.3150E0, 7.9430E0, 7.5240E0, 7.0790E0, 6.4760E0, 
 6.1600E0, 5.6230E0, 5.0430E0, 4.6700E0, 4.4700E0, 4.1290E0, 3.9280E0, 3.3810E0, 3.0590E0, 2.7680E0, 
 2.3720E0, 2.3600E0, 2.1300E0, 2.0200E0, 1.9300E0, 1.8550E0, 1.8400E0, 1.7550E0, 1.6700E0, 1.5900E0, 
 1.5100E0, 1.4450E0, 1.4400E0, 1.3700E0, 1.3050E0, 1.2350E0, 1.1700E0, 1.1250E0, 1.1100E0, 1.0900E0, 
 1.0800E0, 1.0700E0, 1.0350E0, 1.0100E0,9.8600E-1,9.3000E-1,8.7640E-1,8.6000E-1,7.9000E-1,7.0500E-1, 
6.8260E-1,6.2500E-1,5.4000E-1,5.3160E-1,4.8500E-1,4.3300E-1,4.1400E-1,3.9100E-1,3.5200E-1,3.1450E-1, 
2.8250E-1,2.4800E-1,2.2000E-1,1.8900E-1,1.6000E-1,1.3400E-1,1.1500E-1,1.0000E-1,9.5000E-2,7.7000E-2, 
5.9000E-2,4.3000E-2,3.2380E-2,3.2000E-2,3.0000E-2,2.0000E-2,1.5000E-2,1.0000E-2,5.5000E-3,3.0000E-3, 
1.1000E-4, 1.0E-5 