'GAM-II    '
100
1.49180E7  1.34983E7  1.22138E7  1.10515E7  9.99983E6  9.04822E6  8.18717E6  7.40806E6  6.70309E6  6.06520E6  
5.48802E6  4.96577E6  4.49321E6  4.06562E6  3.67873E6  3.32865E6  3.01189E6  2.72527E6  2.46592E6  2.23126E6  
2.01893E6  1.82680E6  1.65296E6  1.49566E6  1.35333E6  1.22454E6  1.10801E6  1.00257E6  9.07164E5  8.20836E5  
7.42723E5  6.72044E5  6.08090E5  5.50223E5  4.97862E5  4.50484E5  4.07615E5  3.68825E5  3.33727E5  3.01968E5  
2.73232E5  2.47231E5  2.23704E5  2.02415E5  1.83153E5  1.65724E5  1.49953E5  1.35683E5  1.22771E5  1.11088E5  
8.65155E4  6.73783E4  5.24743E4  4.08670E4  3.18272E4  2.47871E4  1.93042E4  1.50341E4  1.17086E4  9.11866E3  
7.10162E3  5.53075E3  4.30735E3  3.35457E3  2.61254E3  2.03465E3  1.58458E3  1.23407E3  9.61100E2  7.48505E2  
5.82937E2  4.53991E2  3.53569E2  2.75359E2  2.14450E2  1.67014E2  1.30070E2  1.01299E2  7.88919E1  6.14411E1  
4.78503E1  3.72659E1  2.90227E1  2.26029E1  1.76031E1  1.37093E1  1.06768E1  8.31515E0  6.47584E0  5.04339E0  
3.92779E0  3.05897E0  2.38233E0  1.85536E0  1.44495E0  1.12533E0  8.76410E-1 6.82549E-1 5.31570E-1 4.13987E-1
1.0E-5 