'XMAS      '
172
 1.96403E7, 1.73325E7, 1.49183E7, 1.38403E7, 1.16183E7, 1.00000E7, 8.18731E6, 6.70320E6, 6.06531E6, 5.48812E6, 
 4.49329E6, 3.67879E6, 3.01194E6, 2.46597E6, 2.23130E6, 2.01897E6, 1.65299E6, 1.35335E6, 1.22456E6, 1.10803E6, 
 1.00259E6, 9.07180E5, 8.20850E5, 6.08101E5, 5.50232E5, 4.97871E5, 4.50492E5, 4.07622E5, 3.01974E5, 2.73237E5, 
 2.47235E5, 1.83156E5, 1.22773E5, 1.11090E5, 8.22975E4, 6.73795E4, 5.51656E4, 4.08677E4, 3.69786E4, 2.92830E4, 
 2.73945E4, 2.47875E4, 1.66156E4, 1.50344E4, 1.11378E4, 9.11882E3, 7.46586E3, 5.53084E3, 5.00451E3, 3.52662E3, 
 3.35463E3, 2.24867E3, 2.03468E3, 1.50733E3, 1.43382E3, 1.23410E3, 1.01039E3, 9.14242E2, 7.48518E2, 6.77287E2, 
 4.53999E2, 3.71703E2, 3.04325E2, 2.03995E2, 1.48625E2, 1.36742E2, 9.16609E1, 7.56736E1, 6.79041E1, 5.55951E1, 
 5.15780E1, 4.82516E1, 4.55174E1, 4.01690E1, 3.72665E1, 3.37201E1, 3.05113E1, 2.76077E1, 2.49805E1, 2.26033E1, 
 1.94548E1, 1.59283E1, 1.37096E1, 1.12245E1, 9.90555E0, 9.18981E0, 8.31529E0, 7.52398E0, 6.16012E0, 5.34643E0, 
 5.04348E0, 4.12925E0, 4.00000E0, 3.38075E0, 3.30000E0, 2.76792E0, 2.72000E0, 2.60000E0, 2.55000E0, 2.36000E0, 
 2.13000E0, 2.10000E0, 2.02000E0, 1.93000E0, 1.84000E0, 1.75500E0, 1.67000E0, 1.59000E0, 1.50000E0, 1.47500E0, 
 1.44498E0, 1.37000E0, 1.33750E0, 1.30000E0, 1.23500E0, 1.17000E0, 1.15000E0, 1.12535E0, 1.11000E0, 1.09700E0, 
 1.07100E0, 1.04500E0, 1.03500E0, 1.02000E0, 0.99600E0, 0.98600E0, 0.97200E0, 0.95000E0, 0.93000E0, 0.91000E0, 
 0.86000E0, 0.85000E0, 0.79000E0, 0.78000E0, 0.70500E0, 0.62500E0, 0.54000E0, 0.50000E0, 0.48500E0, 0.43300E0, 
 0.40000E0, 0.39100E0, 0.35000E0, 0.32000E0, 0.31450E0, 0.30000E0, 0.28000E0, 0.24800E0, 0.22000E0, 0.18900E0, 
 0.18000E0, 0.16000E0, 0.14000E0, 0.13400E0, 0.11500E0, 0.10000E0, 0.09500E0, 0.08000E0, 0.07700E0, 0.06700E0, 
 0.05800E0, 0.05000E0, 0.04200E0, 0.03500E0, 0.03000E0, 0.02500E0, 0.02000E0, 0.01500E0, 0.01000E0, 6.9000E-3, 
 5.0000E-3, 3.0000E-3, 1.0E-5   